Flow,Period,Deadline,Execution Time,m,k,Target_Utilization,Actual_Utilization,Utilization_Error,Queue
F1,50000,50000,3582,1,3,0.07164087152268173,0.07164,,3
F2,100000,100000,10262,1,3,0.10262360654189373,0.10262,,7
F3,100000,100000,9452,1,3,0.0945186532676281,0.09452,,1
F4,100000,100000,3153,1,3,0.031530063261229535,0.03153,,6
F5,50000,50000,6096,1,3,0.12191128905736848,0.12192,,1
F6,400000,400000,2109,1,3,0.005273457871281306,0.0052725,,1
F7,400000,400000,2670,1,3,0.0066760217632118035,0.006675,,5
F8,200000,200000,6407,1,3,0.03203574956224553,0.032035,,7
F9,200000,200000,10247,1,3,0.05123727327663985,0.051235,,5
F10,400000,400000,11289,1,3,0.02822154575100333,0.0282225,,7
F11,400000,400000,648,1,3,0.0016211248946068624,0.00162,,5
F12,100000,100000,8639,1,3,0.08639439656247516,0.08639,,2
F13,50000,50000,10223,1,3,0.20445738428403387,0.20446,,1
F14,100000,100000,7575,1,3,0.07575133951005014,0.07575,,4
F15,100000,100000,10623,1,3,0.10622739984434984,0.10623,,4
F16,50000,50000,8994,1,3,0.1798798230293007,0.17988,,2
