Flow,Packet,Class,Arrival,Deadline,Execution Time,Gate Open,Gate Close,Response Time,Status,Scheduled,Deadline Met,Solver_Execution_Time_Seconds,Solver_Execution_Time_Minutes,Solver_Status,Objective_Value,Stopping_Reason
F1,P1_1,8,0,200000,1895,38321,40216,40216,Scheduled - Deadline Met,Yes,Yes,8.597184658050537,0.14328641096750896,2,63.0,Proven Optimal (Gap = 0%)
F1,P1_2,2,200000,400000,1895,205839,207734,7734,Scheduled - Deadline Met,Yes,Yes,8.597184658050537,0.14328641096750896,2,63.0,Proven Optimal (Gap = 0%)
F1,P1_3,2,400000,600000,1895,400842,402737,2737,Scheduled - Deadline Met,Yes,Yes,8.597184658050537,0.14328641096750896,2,63.0,Proven Optimal (Gap = 0%)
F1,P1_4,8,600000,800000,1895,697263,699158,99158,Scheduled - Deadline Met,Yes,Yes,8.597184658050537,0.14328641096750896,2,63.0,Proven Optimal (Gap = 0%)
F1,P1_5,2,800000,1000000,1895,800000,801895,1895,Scheduled - Deadline Met,Yes,Yes,8.597184658050537,0.14328641096750896,2,63.0,Proven Optimal (Gap = 0%)
F1,P1_6,2,1000000,1200000,1895,1014873,1016768,16768,Scheduled - Deadline Met,Yes,Yes,8.597184658050537,0.14328641096750896,2,63.0,Proven Optimal (Gap = 0%)
F10,P10_1,5,0,400000,5917,133066,138983,138983,Scheduled - Deadline Met,Yes,Yes,8.597184658050537,0.14328641096750896,2,63.0,Proven Optimal (Gap = 0%)
F10,P10_2,8,400000,800000,5917,527416,533333,133333,Scheduled - Deadline Met,Yes,Yes,8.597184658050537,0.14328641096750896,2,63.0,Proven Optimal (Gap = 0%)
F10,P10_3,5,800000,1200000,5917,860902,866819,66819,Scheduled - Deadline Met,Yes,Yes,8.597184658050537,0.14328641096750896,2,63.0,Proven Optimal (Gap = 0%)
F11,P11_1,8,0,400000,600,78450,79050,79050,Scheduled - Deadline Met,Yes,Yes,8.597184658050537,0.14328641096750896,2,63.0,Proven Optimal (Gap = 0%)
F11,P11_2,7,400000,800000,600,471189,471789,71789,Scheduled - Deadline Met,Yes,Yes,8.597184658050537,0.14328641096750896,2,63.0,Proven Optimal (Gap = 0%)
F11,P11_3,7,800000,1200000,600,891242,891842,91842,Scheduled - Deadline Met,Yes,Yes,8.597184658050537,0.14328641096750896,2,63.0,Proven Optimal (Gap = 0%)
F12,P12_1,6,0,400000,7968,150096,158064,158064,Scheduled - Deadline Met,Yes,Yes,8.597184658050537,0.14328641096750896,2,63.0,Proven Optimal (Gap = 0%)
F12,P12_2,6,400000,800000,7968,473423,481391,81391,Scheduled - Deadline Met,Yes,Yes,8.597184658050537,0.14328641096750896,2,63.0,Proven Optimal (Gap = 0%)
F12,P12_3,8,800000,1200000,7968,968136,976104,176104,Scheduled - Deadline Met,Yes,Yes,8.597184658050537,0.14328641096750896,2,63.0,Proven Optimal (Gap = 0%)
F13,P13_1,8,0,400000,994,77360,78354,78354,Scheduled - Deadline Met,Yes,Yes,8.597184658050537,0.14328641096750896,2,63.0,Proven Optimal (Gap = 0%)
F13,P13_2,7,400000,800000,994,470099,471093,71093,Scheduled - Deadline Met,Yes,Yes,8.597184658050537,0.14328641096750896,2,63.0,Proven Optimal (Gap = 0%)
F13,P13_3,7,800000,1200000,994,890152,891146,91146,Scheduled - Deadline Met,Yes,Yes,8.597184658050537,0.14328641096750896,2,63.0,Proven Optimal (Gap = 0%)
F14,P14_1,6,0,400000,600,197216,197816,197816,Scheduled - Deadline Met,Yes,Yes,8.597184658050537,0.14328641096750896,2,63.0,Proven Optimal (Gap = 0%)
F14,P14_2,8,400000,800000,600,546470,547070,147070,Scheduled - Deadline Met,Yes,Yes,8.597184658050537,0.14328641096750896,2,63.0,Proven Optimal (Gap = 0%)
F14,P14_3,6,800000,1200000,600,904447,905047,105047,Scheduled - Deadline Met,Yes,Yes,8.597184658050537,0.14328641096750896,2,63.0,Proven Optimal (Gap = 0%)
F15,P15_1,8,0,200000,2361,35864,38225,38225,Scheduled - Deadline Met,Yes,Yes,8.597184658050537,0.14328641096750896,2,63.0,Proven Optimal (Gap = 0%)
F15,P15_2,6,200000,400000,2361,200000,202361,2361,Scheduled - Deadline Met,Yes,Yes,8.597184658050537,0.14328641096750896,2,63.0,Proven Optimal (Gap = 0%)
F15,P15_3,6,400000,600000,2361,460521,462882,62882,Scheduled - Deadline Met,Yes,Yes,8.597184658050537,0.14328641096750896,2,63.0,Proven Optimal (Gap = 0%)
F15,P15_4,8,600000,800000,2361,694806,697167,97167,Scheduled - Deadline Met,Yes,Yes,8.597184658050537,0.14328641096750896,2,63.0,Proven Optimal (Gap = 0%)
F15,P15_5,6,800000,1000000,2361,803135,805496,5496,Scheduled - Deadline Met,Yes,Yes,8.597184658050537,0.14328641096750896,2,63.0,Proven Optimal (Gap = 0%)
F15,P15_6,6,1000000,1200000,2361,1046809,1049170,49170,Scheduled - Deadline Met,Yes,Yes,8.597184658050537,0.14328641096750896,2,63.0,Proven Optimal (Gap = 0%)
F16,P16_1,5,0,400000,600,164927,165527,165527,Scheduled - Deadline Met,Yes,Yes,8.597184658050537,0.14328641096750896,2,63.0,Proven Optimal (Gap = 0%)
F16,P16_2,5,400000,800000,600,491432,492032,92032,Scheduled - Deadline Met,Yes,Yes,8.597184658050537,0.14328641096750896,2,63.0,Proven Optimal (Gap = 0%)
F16,P16_3,8,800000,1200000,600,997070,997670,197670,Scheduled - Deadline Met,Yes,Yes,8.597184658050537,0.14328641096750896,2,63.0,Proven Optimal (Gap = 0%)
F17,P17_1,8,0,400000,3329,63711,67040,67040,Scheduled - Deadline Met,Yes,Yes,8.597184658050537,0.14328641096750896,2,63.0,Proven Optimal (Gap = 0%)
F17,P17_2,6,400000,800000,3329,564740,568069,168069,Scheduled - Deadline Met,Yes,Yes,8.597184658050537,0.14328641096750896,2,63.0,Proven Optimal (Gap = 0%)
F17,P17_3,6,800000,1200000,3329,894629,897958,97958,Scheduled - Deadline Met,Yes,Yes,8.597184658050537,0.14328641096750896,2,63.0,Proven Optimal (Gap = 0%)
F18,P18_1,8,0,400000,2099,75165,77264,77264,Scheduled - Deadline Met,Yes,Yes,8.597184658050537,0.14328641096750896,2,63.0,Proven Optimal (Gap = 0%)
F18,P18_2,5,400000,800000,2099,439243,441342,41342,Scheduled - Deadline Met,Yes,Yes,8.597184658050537,0.14328641096750896,2,63.0,Proven Optimal (Gap = 0%)
F18,P18_3,5,800000,1200000,2099,946314,948413,148413,Scheduled - Deadline Met,Yes,Yes,8.597184658050537,0.14328641096750896,2,63.0,Proven Optimal (Gap = 0%)
F19,P19_1,7,0,400000,11659,5988,17647,17647,Scheduled - Deadline Met,Yes,Yes,8.597184658050537,0.14328641096750896,2,63.0,Proven Optimal (Gap = 0%)
F19,P19_2,8,400000,800000,11659,504766,516425,116425,Scheduled - Deadline Met,Yes,Yes,8.597184658050537,0.14328641096750896,2,63.0,Proven Optimal (Gap = 0%)
F19,P19_3,7,800000,1200000,11659,813082,824741,24741,Scheduled - Deadline Met,Yes,Yes,8.597184658050537,0.14328641096750896,2,63.0,Proven Optimal (Gap = 0%)
F2,P2_1,8,0,400000,2611,70217,72828,72828,Scheduled - Deadline Met,Yes,Yes,8.597184658050537,0.14328641096750896,2,63.0,Proven Optimal (Gap = 0%)
F2,P2_2,5,400000,800000,2611,418290,420901,20901,Scheduled - Deadline Met,Yes,Yes,8.597184658050537,0.14328641096750896,2,63.0,Proven Optimal (Gap = 0%)
F2,P2_3,5,800000,1200000,2611,924952,927563,127563,Scheduled - Deadline Met,Yes,Yes,8.597184658050537,0.14328641096750896,2,63.0,Proven Optimal (Gap = 0%)
F20,P20_1,2,0,400000,600,197912,198512,198512,Scheduled - Deadline Met,Yes,Yes,8.597184658050537,0.14328641096750896,2,63.0,Proven Optimal (Gap = 0%)
F20,P20_2,2,400000,800000,600,434665,435265,35265,Scheduled - Deadline Met,Yes,Yes,8.597184658050537,0.14328641096750896,2,63.0,Proven Optimal (Gap = 0%)
F20,P20_3,8,800000,1200000,600,997766,998366,198366,Scheduled - Deadline Met,Yes,Yes,8.597184658050537,0.14328641096750896,2,63.0,Proven Optimal (Gap = 0%)
F21,P21_1,6,0,200000,818,123086,123904,123904,Scheduled - Deadline Met,Yes,Yes,8.597184658050537,0.14328641096750896,2,63.0,Proven Optimal (Gap = 0%)
F21,P21_2,6,200000,400000,818,204925,205743,5743,Scheduled - Deadline Met,Yes,Yes,8.597184658050537,0.14328641096750896,2,63.0,Proven Optimal (Gap = 0%)
F21,P21_3,8,400000,600000,818,503852,504670,104670,Scheduled - Deadline Met,Yes,Yes,8.597184658050537,0.14328641096750896,2,63.0,Proven Optimal (Gap = 0%)
F21,P21_4,6,600000,800000,818,604882,605700,5700,Scheduled - Deadline Met,Yes,Yes,8.597184658050537,0.14328641096750896,2,63.0,Proven Optimal (Gap = 0%)
F21,P21_5,6,800000,1000000,818,812168,812986,12986,Scheduled - Deadline Met,Yes,Yes,8.597184658050537,0.14328641096750896,2,63.0,Proven Optimal (Gap = 0%)
F21,P21_6,8,1000000,1200000,818,1136681,1137499,137499,Scheduled - Deadline Met,Yes,Yes,8.597184658050537,0.14328641096750896,2,63.0,Proven Optimal (Gap = 0%)
F22,P22_1,4,0,400000,600,25083,25683,25683,Scheduled - Deadline Met,Yes,Yes,8.597184658050537,0.14328641096750896,2,63.0,Proven Optimal (Gap = 0%)
F22,P22_2,4,400000,800000,600,447348,447948,47948,Scheduled - Deadline Met,Yes,Yes,8.597184658050537,0.14328641096750896,2,63.0,Proven Optimal (Gap = 0%)
F22,P22_3,8,800000,1200000,600,998462,999062,199062,Scheduled - Deadline Met,Yes,Yes,8.597184658050537,0.14328641096750896,2,63.0,Proven Optimal (Gap = 0%)
F23,P23_1,8,0,400000,4673,45630,50303,50303,Scheduled - Deadline Met,Yes,Yes,8.597184658050537,0.14328641096750896,2,63.0,Proven Optimal (Gap = 0%)
F23,P23_2,3,400000,800000,4673,492128,496801,96801,Scheduled - Deadline Met,Yes,Yes,8.597184658050537,0.14328641096750896,2,63.0,Proven Optimal (Gap = 0%)
F23,P23_3,3,800000,1200000,4673,856133,860806,60806,Scheduled - Deadline Met,Yes,Yes,8.597184658050537,0.14328641096750896,2,63.0,Proven Optimal (Gap = 0%)
F24,P24_1,3,0,400000,600,198608,199208,199208,Scheduled - Deadline Met,Yes,Yes,8.597184658050537,0.14328641096750896,2,63.0,Proven Optimal (Gap = 0%)
F24,P24_2,8,400000,800000,600,547166,547766,147766,Scheduled - Deadline Met,Yes,Yes,8.597184658050537,0.14328641096750896,2,63.0,Proven Optimal (Gap = 0%)
F24,P24_3,3,800000,1200000,600,899400,900000,100000,Scheduled - Deadline Met,Yes,Yes,8.597184658050537,0.14328641096750896,2,63.0,Proven Optimal (Gap = 0%)
F25,P25_1,3,0,200000,1048,23939,24987,24987,Scheduled - Deadline Met,Yes,Yes,8.597184658050537,0.14328641096750896,2,63.0,Proven Optimal (Gap = 0%)
F25,P25_2,3,200000,400000,1048,248110,249158,49158,Scheduled - Deadline Met,Yes,Yes,8.597184658050537,0.14328641096750896,2,63.0,Proven Optimal (Gap = 0%)
F25,P25_3,8,400000,600000,1048,502708,503756,103756,Scheduled - Deadline Met,Yes,Yes,8.597184658050537,0.14328641096750896,2,63.0,Proven Optimal (Gap = 0%)
F25,P25_4,3,600000,800000,1048,612146,613194,13194,Scheduled - Deadline Met,Yes,Yes,8.597184658050537,0.14328641096750896,2,63.0,Proven Optimal (Gap = 0%)
F25,P25_5,3,800000,1000000,1048,801991,803039,3039,Scheduled - Deadline Met,Yes,Yes,8.597184658050537,0.14328641096750896,2,63.0,Proven Optimal (Gap = 0%)
F25,P25_6,8,1000000,1200000,1048,1135537,1136585,136585,Scheduled - Deadline Met,Yes,Yes,8.597184658050537,0.14328641096750896,2,63.0,Proven Optimal (Gap = 0%)
F26,P26_1,7,0,400000,10799,92247,103046,103046,Scheduled - Deadline Met,Yes,Yes,8.597184658050537,0.14328641096750896,2,63.0,Proven Optimal (Gap = 0%)
F26,P26_2,8,400000,800000,10799,516521,527320,127320,Scheduled - Deadline Met,Yes,Yes,8.597184658050537,0.14328641096750896,2,63.0,Proven Optimal (Gap = 0%)
F26,P26_3,7,800000,1200000,10799,837242,848041,48041,Scheduled - Deadline Met,Yes,Yes,8.597184658050537,0.14328641096750896,2,63.0,Proven Optimal (Gap = 0%)
F27,P27_1,6,0,200000,3114,30659,33773,33773,Scheduled - Deadline Met,Yes,Yes,8.597184658050537,0.14328641096750896,2,63.0,Proven Optimal (Gap = 0%)
F27,P27_2,8,200000,400000,3114,383555,386669,186669,Scheduled - Deadline Met,Yes,Yes,8.597184658050537,0.14328641096750896,2,63.0,Proven Optimal (Gap = 0%)
F27,P27_3,6,400000,600000,3114,431455,434569,34569,Scheduled - Deadline Met,Yes,Yes,8.597184658050537,0.14328641096750896,2,63.0,Proven Optimal (Gap = 0%)
F27,P27_4,6,600000,800000,3114,600830,603944,3944,Scheduled - Deadline Met,Yes,Yes,8.597184658050537,0.14328641096750896,2,63.0,Proven Optimal (Gap = 0%)
F27,P27_5,8,800000,1000000,3114,931541,934655,134655,Scheduled - Deadline Met,Yes,Yes,8.597184658050537,0.14328641096750896,2,63.0,Proven Optimal (Gap = 0%)
F27,P27_6,6,1000000,1200000,3114,1043599,1046713,46713,Scheduled - Deadline Met,Yes,Yes,8.597184658050537,0.14328641096750896,2,63.0,Proven Optimal (Gap = 0%)
F28,P28_1,5,0,400000,612,164219,164831,164831,Scheduled - Deadline Met,Yes,Yes,8.597184658050537,0.14328641096750896,2,63.0,Proven Optimal (Gap = 0%)
F28,P28_2,5,400000,800000,612,441438,442050,42050,Scheduled - Deadline Met,Yes,Yes,8.597184658050537,0.14328641096750896,2,63.0,Proven Optimal (Gap = 0%)
F28,P28_3,8,800000,1200000,612,994970,995582,195582,Scheduled - Deadline Met,Yes,Yes,8.597184658050537,0.14328641096750896,2,63.0,Proven Optimal (Gap = 0%)
F29,P29_1,8,0,400000,2985,67136,70121,70121,Scheduled - Deadline Met,Yes,Yes,8.597184658050537,0.14328641096750896,2,63.0,Proven Optimal (Gap = 0%)
F29,P29_2,3,400000,800000,2985,561659,564644,164644,Scheduled - Deadline Met,Yes,Yes,8.597184658050537,0.14328641096750896,2,63.0,Proven Optimal (Gap = 0%)
F29,P29_3,3,800000,1200000,2985,876159,879144,79144,Scheduled - Deadline Met,Yes,Yes,8.597184658050537,0.14328641096750896,2,63.0,Proven Optimal (Gap = 0%)
F3,P3_1,2,0,400000,600,122390,122990,122990,Scheduled - Deadline Met,Yes,Yes,8.597184658050537,0.14328641096750896,2,63.0,Proven Optimal (Gap = 0%)
F3,P3_2,2,400000,800000,600,421693,422293,22293,Scheduled - Deadline Met,Yes,Yes,8.597184658050537,0.14328641096750896,2,63.0,Proven Optimal (Gap = 0%)
F3,P3_3,8,800000,1200000,600,995678,996278,196278,Scheduled - Deadline Met,Yes,Yes,8.597184658050537,0.14328641096750896,2,63.0,Proven Optimal (Gap = 0%)
F30,P30_1,5,0,400000,4571,159552,164123,164123,Scheduled - Deadline Met,Yes,Yes,8.597184658050537,0.14328641096750896,2,63.0,Proven Optimal (Gap = 0%)
F30,P30_2,8,400000,800000,4571,533429,538000,138000,Scheduled - Deadline Met,Yes,Yes,8.597184658050537,0.14328641096750896,2,63.0,Proven Optimal (Gap = 0%)
F30,P30_3,5,800000,1200000,4571,871492,876063,76063,Scheduled - Deadline Met,Yes,Yes,8.597184658050537,0.14328641096750896,2,63.0,Proven Optimal (Gap = 0%)
F31,P31_1,6,0,400000,634,196486,197120,197120,Scheduled - Deadline Met,Yes,Yes,8.597184658050537,0.14328641096750896,2,63.0,Proven Optimal (Gap = 0%)
F31,P31_2,8,400000,800000,634,545044,545678,145678,Scheduled - Deadline Met,Yes,Yes,8.597184658050537,0.14328641096750896,2,63.0,Proven Optimal (Gap = 0%)
F31,P31_3,6,800000,1200000,634,903021,903655,103655,Scheduled - Deadline Met,Yes,Yes,8.597184658050537,0.14328641096750896,2,63.0,Proven Optimal (Gap = 0%)
F32,P32_1,1,0,400000,600,158856,159456,159456,Scheduled - Deadline Met,Yes,Yes,8.597184658050537,0.14328641096750896,2,63.0,Proven Optimal (Gap = 0%)
F32,P32_2,8,400000,800000,600,547862,548462,148462,Scheduled - Deadline Met,Yes,Yes,8.597184658050537,0.14328641096750896,2,63.0,Proven Optimal (Gap = 0%)
F32,P32_3,1,800000,1200000,600,903751,904351,104351,Scheduled - Deadline Met,Yes,Yes,8.597184658050537,0.14328641096750896,2,63.0,Proven Optimal (Gap = 0%)
F33,P33_1,8,0,400000,600,79146,79746,79746,Scheduled - Deadline Met,Yes,Yes,8.597184658050537,0.14328641096750896,2,63.0,Proven Optimal (Gap = 0%)
F33,P33_2,7,400000,800000,600,471885,472485,72485,Scheduled - Deadline Met,Yes,Yes,8.597184658050537,0.14328641096750896,2,63.0,Proven Optimal (Gap = 0%)
F33,P33_3,7,800000,1200000,600,893933,894533,94533,Scheduled - Deadline Met,Yes,Yes,8.597184658050537,0.14328641096750896,2,63.0,Proven Optimal (Gap = 0%)
F34,P34_1,3,0,400000,5106,117188,122294,122294,Scheduled - Deadline Met,Yes,Yes,8.597184658050537,0.14328641096750896,2,63.0,Proven Optimal (Gap = 0%)
F34,P34_2,3,400000,800000,5106,442146,447252,47252,Scheduled - Deadline Met,Yes,Yes,8.597184658050537,0.14328641096750896,2,63.0,Proven Optimal (Gap = 0%)
F34,P34_3,8,800000,1200000,5106,984100,989206,189206,Scheduled - Deadline Met,Yes,Yes,8.597184658050537,0.14328641096750896,2,63.0,Proven Optimal (Gap = 0%)
F35,P35_1,2,0,400000,1899,33869,35768,35768,Scheduled - Deadline Met,Yes,Yes,8.597184658050537,0.14328641096750896,2,63.0,Proven Optimal (Gap = 0%)
F35,P35_2,8,400000,800000,1899,543049,544948,144948,Scheduled - Deadline Met,Yes,Yes,8.597184658050537,0.14328641096750896,2,63.0,Proven Optimal (Gap = 0%)
F35,P35_3,2,800000,1200000,1899,891938,893837,93837,Scheduled - Deadline Met,Yes,Yes,8.597184658050537,0.14328641096750896,2,63.0,Proven Optimal (Gap = 0%)
F36,P36_1,8,0,400000,2145,72924,75069,75069,Scheduled - Deadline Met,Yes,Yes,8.597184658050537,0.14328641096750896,2,63.0,Proven Optimal (Gap = 0%)
F36,P36_2,7,400000,800000,2145,467858,470003,70003,Scheduled - Deadline Met,Yes,Yes,8.597184658050537,0.14328641096750896,2,63.0,Proven Optimal (Gap = 0%)
F36,P36_3,7,800000,1200000,2145,887911,890056,90056,Scheduled - Deadline Met,Yes,Yes,8.597184658050537,0.14328641096750896,2,63.0,Proven Optimal (Gap = 0%)
F37,P37_1,1,0,200000,734,19227,19961,19961,Scheduled - Deadline Met,Yes,Yes,8.597184658050537,0.14328641096750896,2,63.0,Proven Optimal (Gap = 0%)
F37,P37_2,8,200000,400000,734,386765,387499,187499,Scheduled - Deadline Met,Yes,Yes,8.597184658050537,0.14328641096750896,2,63.0,Proven Optimal (Gap = 0%)
F37,P37_3,1,400000,600000,734,406941,407675,7675,Scheduled - Deadline Met,Yes,Yes,8.597184658050537,0.14328641096750896,2,63.0,Proven Optimal (Gap = 0%)
F37,P37_4,1,600000,800000,734,600000,600734,734,Scheduled - Deadline Met,Yes,Yes,8.597184658050537,0.14328641096750896,2,63.0,Proven Optimal (Gap = 0%)
F37,P37_5,8,800000,1000000,734,948509,949243,149243,Scheduled - Deadline Met,Yes,Yes,8.597184658050537,0.14328641096750896,2,63.0,Proven Optimal (Gap = 0%)
F37,P37_6,1,1000000,1200000,734,1049266,1050000,50000,Scheduled - Deadline Met,Yes,Yes,8.597184658050537,0.14328641096750896,2,63.0,Proven Optimal (Gap = 0%)
F38,P38_1,7,0,400000,9635,103142,112777,112777,Scheduled - Deadline Met,Yes,Yes,8.597184658050537,0.14328641096750896,2,63.0,Proven Optimal (Gap = 0%)
F38,P38_2,7,400000,800000,9635,407771,417406,17406,Scheduled - Deadline Met,Yes,Yes,8.597184658050537,0.14328641096750896,2,63.0,Proven Optimal (Gap = 0%)
F38,P38_3,8,800000,1200000,9635,949339,958974,158974,Scheduled - Deadline Met,Yes,Yes,8.597184658050537,0.14328641096750896,2,63.0,Proven Optimal (Gap = 0%)
F39,P39_1,8,0,400000,5222,40312,45534,45534,Scheduled - Deadline Met,Yes,Yes,8.597184658050537,0.14328641096750896,2,63.0,Proven Optimal (Gap = 0%)
F39,P39_2,6,400000,800000,5222,486114,491336,91336,Scheduled - Deadline Met,Yes,Yes,8.597184658050537,0.14328641096750896,2,63.0,Proven Optimal (Gap = 0%)
F39,P39_3,6,800000,1200000,5222,848137,853359,53359,Scheduled - Deadline Met,Yes,Yes,8.597184658050537,0.14328641096750896,2,63.0,Proven Optimal (Gap = 0%)
F4,P4_1,8,0,400000,4012,59603,63615,63615,Scheduled - Deadline Met,Yes,Yes,8.597184658050537,0.14328641096750896,2,63.0,Proven Optimal (Gap = 0%)
F4,P4_2,4,400000,800000,4012,402833,406845,6845,Scheduled - Deadline Met,Yes,Yes,8.597184658050537,0.14328641096750896,2,63.0,Proven Optimal (Gap = 0%)
F4,P4_3,4,800000,1200000,4012,808060,812072,12072,Scheduled - Deadline Met,Yes,Yes,8.597184658050537,0.14328641096750896,2,63.0,Proven Optimal (Gap = 0%)
F40,P40_1,8,0,400000,4531,50399,54930,54930,Scheduled - Deadline Met,Yes,Yes,8.597184658050537,0.14328641096750896,2,63.0,Proven Optimal (Gap = 0%)
F40,P40_2,1,400000,800000,4531,481487,486018,86018,Scheduled - Deadline Met,Yes,Yes,8.597184658050537,0.14328641096750896,2,63.0,Proven Optimal (Gap = 0%)
F40,P40_3,1,800000,1200000,4531,879240,883771,83771,Scheduled - Deadline Met,Yes,Yes,8.597184658050537,0.14328641096750896,2,63.0,Proven Optimal (Gap = 0%)
F41,P41_1,8,0,400000,4481,55026,59507,59507,Scheduled - Deadline Met,Yes,Yes,8.597184658050537,0.14328641096750896,2,63.0,Proven Optimal (Gap = 0%)
F41,P41_2,7,400000,800000,4481,455944,460425,60425,Scheduled - Deadline Met,Yes,Yes,8.597184658050537,0.14328641096750896,2,63.0,Proven Optimal (Gap = 0%)
F41,P41_3,7,800000,1200000,4481,866915,871396,71396,Scheduled - Deadline Met,Yes,Yes,8.597184658050537,0.14328641096750896,2,63.0,Proven Optimal (Gap = 0%)
F42,P42_1,7,0,200000,2372,842,3214,3214,Scheduled - Deadline Met,Yes,Yes,8.597184658050537,0.14328641096750896,2,63.0,Proven Optimal (Gap = 0%)
F42,P42_2,7,200000,400000,2372,202457,204829,4829,Scheduled - Deadline Met,Yes,Yes,8.597184658050537,0.14328641096750896,2,63.0,Proven Optimal (Gap = 0%)
F42,P42_3,8,400000,600000,2372,500240,502612,102612,Scheduled - Deadline Met,Yes,Yes,8.597184658050537,0.14328641096750896,2,63.0,Proven Optimal (Gap = 0%)
F42,P42_4,7,600000,800000,2372,609678,612050,12050,Scheduled - Deadline Met,Yes,Yes,8.597184658050537,0.14328641096750896,2,63.0,Proven Optimal (Gap = 0%)
F42,P42_5,7,800000,1000000,2372,805592,807964,7964,Scheduled - Deadline Met,Yes,Yes,8.597184658050537,0.14328641096750896,2,63.0,Proven Optimal (Gap = 0%)
F42,P42_6,8,1000000,1200000,2372,1000000,1002372,2372,Scheduled - Deadline Met,Yes,Yes,8.597184658050537,0.14328641096750896,2,63.0,Proven Optimal (Gap = 0%)
F43,P43_1,1,0,400000,4784,25779,30563,30563,Scheduled - Deadline Met,Yes,Yes,8.597184658050537,0.14328641096750896,2,63.0,Proven Optimal (Gap = 0%)
F43,P43_2,1,400000,800000,4784,462978,467762,67762,Scheduled - Deadline Met,Yes,Yes,8.597184658050537,0.14328641096750896,2,63.0,Proven Optimal (Gap = 0%)
F43,P43_3,8,800000,1200000,4784,989302,994086,194086,Scheduled - Deadline Met,Yes,Yes,8.597184658050537,0.14328641096750896,2,63.0,Proven Optimal (Gap = 0%)
F44,P44_1,3,0,200000,3786,20057,23843,23843,Scheduled - Deadline Met,Yes,Yes,8.597184658050537,0.14328641096750896,2,63.0,Proven Optimal (Gap = 0%)
F44,P44_2,8,200000,400000,3786,350096,353882,153882,Scheduled - Deadline Met,Yes,Yes,8.597184658050537,0.14328641096750896,2,63.0,Proven Optimal (Gap = 0%)
F44,P44_3,3,400000,600000,3786,435361,439147,39147,Scheduled - Deadline Met,Yes,Yes,8.597184658050537,0.14328641096750896,2,63.0,Proven Optimal (Gap = 0%)
F44,P44_4,3,600000,800000,3786,605796,609582,9582,Scheduled - Deadline Met,Yes,Yes,8.597184658050537,0.14328641096750896,2,63.0,Proven Optimal (Gap = 0%)
F44,P44_5,8,800000,1000000,3786,927659,931445,131445,Scheduled - Deadline Met,Yes,Yes,8.597184658050537,0.14328641096750896,2,63.0,Proven Optimal (Gap = 0%)
F44,P44_6,3,1000000,1200000,3786,1050746,1054532,54532,Scheduled - Deadline Met,Yes,Yes,8.597184658050537,0.14328641096750896,2,63.0,Proven Optimal (Gap = 0%)
F45,P45_1,6,0,400000,600,199304,199904,199904,Scheduled - Deadline Met,Yes,Yes,8.597184658050537,0.14328641096750896,2,63.0,Proven Optimal (Gap = 0%)
F45,P45_2,8,400000,800000,600,548558,549158,149158,Scheduled - Deadline Met,Yes,Yes,8.597184658050537,0.14328641096750896,2,63.0,Proven Optimal (Gap = 0%)
F45,P45_3,6,800000,1200000,600,905143,905743,105743,Scheduled - Deadline Met,Yes,Yes,8.597184658050537,0.14328641096750896,2,63.0,Proven Optimal (Gap = 0%)
F46,P46_1,7,0,50000,746,0,746,746,Scheduled - Deadline Met,Yes,Yes,8.597184658050537,0.14328641096750896,2,63.0,Proven Optimal (Gap = 0%)
F46,P46_2,8,50000,100000,746,79842,80588,30588,Scheduled - Deadline Met,Yes,Yes,8.597184658050537,0.14328641096750896,2,63.0,Proven Optimal (Gap = 0%)
F46,P46_3,7,100000,150000,746,149254,150000,50000,Scheduled - Deadline Met,Yes,Yes,8.597184658050537,0.14328641096750896,2,63.0,Proven Optimal (Gap = 0%)
F46,P46_4,7,150000,200000,746,195740,196486,46486,Scheduled - Deadline Met,Yes,Yes,8.597184658050537,0.14328641096750896,2,63.0,Proven Optimal (Gap = 0%)
F46,P46_5,8,200000,250000,746,249254,250000,50000,Scheduled - Deadline Met,Yes,Yes,8.597184658050537,0.14328641096750896,2,63.0,Proven Optimal (Gap = 0%)
F46,P46_6,7,250000,300000,746,299254,300000,50000,Scheduled - Deadline Met,Yes,Yes,8.597184658050537,0.14328641096750896,2,63.0,Proven Optimal (Gap = 0%)
F46,P46_7,7,300000,350000,746,349254,350000,50000,Scheduled - Deadline Met,Yes,Yes,8.597184658050537,0.14328641096750896,2,63.0,Proven Optimal (Gap = 0%)
F46,P46_8,8,350000,400000,746,387595,388341,38341,Scheduled - Deadline Met,Yes,Yes,8.597184658050537,0.14328641096750896,2,63.0,Proven Optimal (Gap = 0%)
F46,P46_9,7,400000,450000,746,400000,400746,746,Scheduled - Deadline Met,Yes,Yes,8.597184658050537,0.14328641096750896,2,63.0,Proven Optimal (Gap = 0%)
F46,P46_10,7,450000,500000,746,472581,473327,23327,Scheduled - Deadline Met,Yes,Yes,8.597184658050537,0.14328641096750896,2,63.0,Proven Optimal (Gap = 0%)
F46,P46_11,8,500000,550000,746,549254,550000,50000,Scheduled - Deadline Met,Yes,Yes,8.597184658050537,0.14328641096750896,2,63.0,Proven Optimal (Gap = 0%)
F46,P46_12,7,550000,600000,746,599254,600000,50000,Scheduled - Deadline Met,Yes,Yes,8.597184658050537,0.14328641096750896,2,63.0,Proven Optimal (Gap = 0%)
F46,P46_13,7,600000,650000,746,604040,604786,4786,Scheduled - Deadline Met,Yes,Yes,8.597184658050537,0.14328641096750896,2,63.0,Proven Optimal (Gap = 0%)
F46,P46_14,8,650000,700000,746,699254,700000,50000,Scheduled - Deadline Met,Yes,Yes,8.597184658050537,0.14328641096750896,2,63.0,Proven Optimal (Gap = 0%)
F46,P46_15,7,700000,750000,746,749254,750000,50000,Scheduled - Deadline Met,Yes,Yes,8.597184658050537,0.14328641096750896,2,63.0,Proven Optimal (Gap = 0%)
F46,P46_16,7,750000,800000,746,750096,750842,842,Scheduled - Deadline Met,Yes,Yes,8.597184658050537,0.14328641096750896,2,63.0,Proven Optimal (Gap = 0%)
F46,P46_17,8,800000,850000,746,824837,825583,25583,Scheduled - Deadline Met,Yes,Yes,8.597184658050537,0.14328641096750896,2,63.0,Proven Optimal (Gap = 0%)
F46,P46_18,7,850000,900000,746,897958,898704,48704,Scheduled - Deadline Met,Yes,Yes,8.597184658050537,0.14328641096750896,2,63.0,Proven Optimal (Gap = 0%)
F46,P46_19,7,900000,950000,746,900000,900746,746,Scheduled - Deadline Met,Yes,Yes,8.597184658050537,0.14328641096750896,2,63.0,Proven Optimal (Gap = 0%)
F46,P46_20,8,950000,1000000,746,999158,999904,49904,Scheduled - Deadline Met,Yes,Yes,8.597184658050537,0.14328641096750896,2,63.0,Proven Optimal (Gap = 0%)
F46,P46_21,7,1000000,1050000,746,1014031,1014777,14777,Scheduled - Deadline Met,Yes,Yes,8.597184658050537,0.14328641096750896,2,63.0,Proven Optimal (Gap = 0%)
F46,P46_22,7,1050000,1100000,746,1050000,1050746,746,Scheduled - Deadline Met,Yes,Yes,8.597184658050537,0.14328641096750896,2,63.0,Proven Optimal (Gap = 0%)
F46,P46_23,8,1100000,1150000,746,1137595,1138341,38341,Scheduled - Deadline Met,Yes,Yes,8.597184658050537,0.14328641096750896,2,63.0,Proven Optimal (Gap = 0%)
F46,P46_24,7,1150000,1200000,746,1150000,1150746,746,Scheduled - Deadline Met,Yes,Yes,8.597184658050537,0.14328641096750896,2,63.0,Proven Optimal (Gap = 0%)
F47,P47_1,4,0,400000,692,17743,18435,18435,Scheduled - Deadline Met,Yes,Yes,8.597184658050537,0.14328641096750896,2,63.0,Proven Optimal (Gap = 0%)
F47,P47_2,4,400000,800000,692,417502,418194,18194,Scheduled - Deadline Met,Yes,Yes,8.597184658050537,0.14328641096750896,2,63.0,Proven Optimal (Gap = 0%)
F47,P47_3,8,800000,1200000,692,994182,994874,194874,Scheduled - Deadline Met,Yes,Yes,8.597184658050537,0.14328641096750896,2,63.0,Proven Optimal (Gap = 0%)
F48,P48_1,1,0,400000,2179,139079,141258,141258,Scheduled - Deadline Met,Yes,Yes,8.597184658050537,0.14328641096750896,2,63.0,Proven Optimal (Gap = 0%)
F48,P48_2,8,400000,800000,2179,540774,542953,142953,Scheduled - Deadline Met,Yes,Yes,8.597184658050537,0.14328641096750896,2,63.0,Proven Optimal (Gap = 0%)
F48,P48_3,1,800000,1200000,2179,900746,902925,102925,Scheduled - Deadline Met,Yes,Yes,8.597184658050537,0.14328641096750896,2,63.0,Proven Optimal (Gap = 0%)
F5,P5_1,4,0,400000,2582,3310,5892,5892,Scheduled - Deadline Met,Yes,Yes,8.597184658050537,0.14328641096750896,2,63.0,Proven Optimal (Gap = 0%)
F5,P5_2,8,400000,800000,2582,538096,540678,140678,Scheduled - Deadline Met,Yes,Yes,8.597184658050537,0.14328641096750896,2,63.0,Proven Optimal (Gap = 0%)
F5,P5_3,4,800000,1200000,2582,853455,856037,56037,Scheduled - Deadline Met,Yes,Yes,8.597184658050537,0.14328641096750896,2,63.0,Proven Optimal (Gap = 0%)
F6,P6_1,7,0,400000,7804,141354,149158,149158,Scheduled - Deadline Met,Yes,Yes,8.597184658050537,0.14328641096750896,2,63.0,Proven Optimal (Gap = 0%)
F6,P6_2,7,400000,800000,7804,448044,455848,55848,Scheduled - Deadline Met,Yes,Yes,8.597184658050537,0.14328641096750896,2,63.0,Proven Optimal (Gap = 0%)
F6,P6_3,8,800000,1200000,7804,976200,984004,184004,Scheduled - Deadline Met,Yes,Yes,8.597184658050537,0.14328641096750896,2,63.0,Proven Optimal (Gap = 0%)
F7,P7_1,4,0,400000,600,18531,19131,19131,Scheduled - Deadline Met,Yes,Yes,8.597184658050537,0.14328641096750896,2,63.0,Proven Optimal (Gap = 0%)
F7,P7_2,4,400000,800000,600,420997,421597,21597,Scheduled - Deadline Met,Yes,Yes,8.597184658050537,0.14328641096750896,2,63.0,Proven Optimal (Gap = 0%)
F7,P7_3,8,800000,1200000,600,996374,996974,196974,Scheduled - Deadline Met,Yes,Yes,8.597184658050537,0.14328641096750896,2,63.0,Proven Optimal (Gap = 0%)
F8,P8_1,7,0,400000,8970,124000,132970,132970,Scheduled - Deadline Met,Yes,Yes,8.597184658050537,0.14328641096750896,2,63.0,Proven Optimal (Gap = 0%)
F8,P8_2,7,400000,800000,8970,422389,431359,31359,Scheduled - Deadline Met,Yes,Yes,8.597184658050537,0.14328641096750896,2,63.0,Proven Optimal (Gap = 0%)
F8,P8_3,8,800000,1200000,8970,959070,968040,168040,Scheduled - Deadline Met,Yes,Yes,8.597184658050537,0.14328641096750896,2,63.0,Proven Optimal (Gap = 0%)
F9,P9_1,3,0,400000,600,158160,158760,158760,Scheduled - Deadline Met,Yes,Yes,8.597184658050537,0.14328641096750896,2,63.0,Proven Optimal (Gap = 0%)
F9,P9_2,8,400000,800000,600,545774,546374,146374,Scheduled - Deadline Met,Yes,Yes,8.597184658050537,0.14328641096750896,2,63.0,Proven Optimal (Gap = 0%)
F9,P9_3,3,800000,1200000,600,898704,899304,99304,Scheduled - Deadline Met,Yes,Yes,8.597184658050537,0.14328641096750896,2,63.0,Proven Optimal (Gap = 0%)
