Queue,Flow,Packet_ID,Type,Arrival,Deadline,Exec,Start,Finish,Slack
1,F13,P13_1,O,0,200000,7222,,,
1,F13,P13_2,M,200000,400000,7222,210926.0,218148.0,181852.0
1,F13,P13_3,O,400000,600000,7222,,,
1,F13,P13_4,M,600000,800000,7222,610926.0,618148.0,181852.0
1,F22,P22_1,O,0,400000,2609,,,
1,F22,P22_2,M,400000,800000,2609,403463.0,406072.0,393928.0
1,F29,P29_1,O,0,200000,10926,,,
1,F29,P29_2,M,200000,400000,10926,200000.0,210926.0,189074.0
1,F29,P29_3,O,400000,600000,10926,,,
1,F29,P29_4,M,600000,800000,10926,600000.0,610926.0,189074.0
1,F34,P34_1,O,0,400000,600,,,
1,F34,P34_2,M,400000,800000,600,407035.0,407635.0,392365.0
1,F44,P44_1,M,0,400000,10370,0.0,10370.0,389630.0
1,F44,P44_2,O,400000,800000,10370,,,
1,F5,P5_1,M,0,400000,5355,10370.0,15725.0,384275.0
1,F5,P5_2,O,400000,800000,5355,,,
1,F7,P7_1,O,0,400000,3463,,,
1,F7,P7_2,M,400000,800000,3463,400000.0,403463.0,396537.0
1,F9,P9_1,O,0,400000,963,,,
1,F9,P9_2,M,400000,800000,963,406072.0,407035.0,392965.0
2,F2,P2_1,O,0,200000,6075,,,
2,F2,P2_2,M,200000,400000,6075,200000.0,206075.0,193925.0
2,F2,P2_3,O,400000,600000,6075,,,
2,F2,P2_4,M,600000,800000,6075,600000.0,606075.0,193925.0
2,F20,P20_1,M,0,400000,5192,8076.0,13268.0,386732.0
2,F20,P20_2,O,400000,800000,5192,,,
2,F21,P21_1,M,0,400000,7357,719.0,8076.0,391924.0
2,F21,P21_2,O,400000,800000,7357,,,
2,F32,P32_1,O,0,400000,1780,,,
2,F32,P32_2,M,400000,800000,1780,404802.0,406582.0,393418.0
2,F38,P38_1,M,0,200000,719,0.0,719.0,199281.0
2,F38,P38_2,O,200000,400000,719,,,
2,F38,P38_3,M,400000,600000,719,400000.0,400719.0,199281.0
2,F38,P38_4,O,600000,800000,719,,,
2,F8,P8_1,O,0,400000,4083,,,
2,F8,P8_2,M,400000,800000,4083,400719.0,404802.0,395198.0
3,F12,P12_1,M,0,400000,886,3085.0,3971.0,396029.0
3,F12,P12_2,O,400000,800000,886,,,
3,F26,P26_1,O,0,200000,2394,,,
3,F26,P26_2,M,200000,400000,2394,200000.0,202394.0,197606.0
3,F26,P26_3,O,400000,600000,2394,,,
3,F26,P26_4,M,600000,800000,2394,600000.0,602394.0,197606.0
3,F3,P3_1,M,0,400000,3085,0.0,3085.0,396915.0
3,F3,P3_2,O,400000,800000,3085,,,
3,F33,P33_1,O,0,400000,7307,,,
3,F33,P33_2,M,400000,800000,7307,400000.0,407307.0,392693.0
3,F48,P48_1,M,0,400000,600,3971.0,4571.0,395429.0
3,F48,P48_2,O,400000,800000,600,,,
4,F11,P11_1,O,0,50000,5606,,,
4,F11,P11_2,M,50000,100000,5606,50000.0,55606.0,44394.0
4,F11,P11_3,O,100000,150000,5606,,,
4,F11,P11_4,M,150000,200000,5606,150000.0,155606.0,44394.0
4,F11,P11_5,O,200000,250000,5606,,,
4,F11,P11_6,M,250000,300000,5606,250000.0,255606.0,44394.0
4,F11,P11_7,O,300000,350000,5606,,,
4,F11,P11_8,M,350000,400000,5606,350000.0,355606.0,44394.0
4,F11,P11_9,O,400000,450000,5606,,,
4,F11,P11_10,M,450000,500000,5606,450000.0,455606.0,44394.0
4,F11,P11_11,O,500000,550000,5606,,,
4,F11,P11_12,M,550000,600000,5606,550000.0,555606.0,44394.0
4,F11,P11_13,O,600000,650000,5606,,,
4,F11,P11_14,M,650000,700000,5606,650000.0,655606.0,44394.0
4,F11,P11_15,O,700000,750000,5606,,,
4,F11,P11_16,M,750000,800000,5606,750000.0,755606.0,44394.0
4,F15,P15_1,M,0,400000,2069,12736.0,14805.0,385195.0
4,F15,P15_2,O,400000,800000,2069,,,
4,F16,P16_1,M,0,200000,3586,5929.0,9515.0,190485.0
4,F16,P16_2,O,200000,400000,3586,,,
4,F16,P16_3,M,400000,600000,3586,405929.0,409515.0,190485.0
4,F16,P16_4,O,600000,800000,3586,,,
4,F17,P17_1,O,0,100000,6843,,,
4,F17,P17_2,M,100000,200000,6843,107341.0,114184.0,85816.0
4,F17,P17_3,O,200000,300000,6843,,,
4,F17,P17_4,M,300000,400000,6843,307341.0,314184.0,85816.0
4,F17,P17_5,O,400000,500000,6843,,,
4,F17,P17_6,M,500000,600000,6843,507341.0,514184.0,85816.0
4,F17,P17_7,O,600000,700000,6843,,,
4,F17,P17_8,M,700000,800000,6843,707341.0,714184.0,85816.0
4,F18,P18_1,O,0,100000,7341,,,
4,F18,P18_2,M,100000,200000,7341,100000.0,107341.0,92659.0
4,F18,P18_3,O,200000,300000,7341,,,
4,F18,P18_4,M,300000,400000,7341,300000.0,307341.0,92659.0
4,F18,P18_5,O,400000,500000,7341,,,
4,F18,P18_6,M,500000,600000,7341,500000.0,507341.0,92659.0
4,F18,P18_7,O,600000,700000,7341,,,
4,F18,P18_8,M,700000,800000,7341,700000.0,707341.0,92659.0
4,F19,P19_1,O,0,400000,1088,,,
4,F19,P19_2,M,400000,800000,1088,409515.0,410603.0,389397.0
4,F24,P24_1,O,0,200000,9047,,,
4,F24,P24_2,M,200000,400000,9047,211630.0,220677.0,179323.0
4,F24,P24_3,O,400000,600000,9047,,,
4,F24,P24_4,M,600000,800000,9047,611630.0,620677.0,179323.0
4,F31,P31_1,O,0,200000,11630,,,
4,F31,P31_2,M,200000,400000,11630,200000.0,211630.0,188370.0
4,F31,P31_3,O,400000,600000,11630,,,
4,F31,P31_4,M,600000,800000,11630,600000.0,611630.0,188370.0
4,F40,P40_1,O,0,400000,600,,,
4,F40,P40_2,M,400000,800000,600,410603.0,411203.0,388797.0
4,F41,P41_1,M,0,400000,3221,9515.0,12736.0,387264.0
4,F41,P41_2,O,400000,800000,3221,,,
4,F46,P46_1,M,0,200000,5929,0.0,5929.0,194071.0
4,F46,P46_2,O,200000,400000,5929,,,
4,F46,P46_3,M,400000,600000,5929,400000.0,405929.0,194071.0
4,F46,P46_4,O,600000,800000,5929,,,
5,F25,P25_1,M,0,100000,2022,5304.0,7326.0,92674.0
5,F25,P25_2,O,100000,200000,2022,,,
5,F25,P25_3,M,200000,300000,2022,205304.0,207326.0,92674.0
5,F25,P25_4,O,300000,400000,2022,,,
5,F25,P25_5,M,400000,500000,2022,405304.0,407326.0,92674.0
5,F25,P25_6,O,500000,600000,2022,,,
5,F25,P25_7,M,600000,700000,2022,605304.0,607326.0,92674.0
5,F25,P25_8,O,700000,800000,2022,,,
5,F27,P27_1,O,0,100000,3331,,,
5,F27,P27_2,M,100000,200000,3331,111164.0,114495.0,85505.0
5,F27,P27_3,O,200000,300000,3331,,,
5,F27,P27_4,M,300000,400000,3331,311164.0,314495.0,85505.0
5,F27,P27_5,O,400000,500000,3331,,,
5,F27,P27_6,M,500000,600000,3331,511164.0,514495.0,85505.0
5,F27,P27_7,O,600000,700000,3331,,,
5,F27,P27_8,M,700000,800000,3331,711164.0,714495.0,85505.0
5,F30,P30_1,O,0,400000,1816,,,
5,F30,P30_2,M,400000,800000,1816,410425.0,412241.0,387759.0
5,F35,P35_1,M,0,100000,5304,0.0,5304.0,94696.0
5,F35,P35_2,O,100000,200000,5304,,,
5,F35,P35_3,M,200000,300000,5304,200000.0,205304.0,94696.0
5,F35,P35_4,O,300000,400000,5304,,,
5,F35,P35_5,M,400000,500000,5304,400000.0,405304.0,94696.0
5,F35,P35_6,O,500000,600000,5304,,,
5,F35,P35_7,M,600000,700000,5304,600000.0,605304.0,94696.0
5,F35,P35_8,O,700000,800000,5304,,,
5,F39,P39_1,O,0,400000,3099,,,
5,F39,P39_2,M,400000,800000,3099,407326.0,410425.0,389575.0
5,F4,P4_1,O,0,200000,774,,,
5,F4,P4_2,M,200000,400000,774,207326.0,208100.0,191900.0
5,F4,P4_3,O,400000,600000,774,,,
5,F4,P4_4,M,600000,800000,774,607326.0,608100.0,191900.0
5,F42,P42_1,O,0,100000,11164,,,
5,F42,P42_2,M,100000,200000,11164,100000.0,111164.0,88836.0
5,F42,P42_3,O,200000,300000,11164,,,
5,F42,P42_4,M,300000,400000,11164,300000.0,311164.0,88836.0
5,F42,P42_5,O,400000,500000,11164,,,
5,F42,P42_6,M,500000,600000,11164,500000.0,511164.0,88836.0
5,F42,P42_7,O,600000,700000,11164,,,
5,F42,P42_8,M,700000,800000,11164,700000.0,711164.0,88836.0
5,F45,P45_1,M,0,400000,6897,7326.0,14223.0,385777.0
5,F45,P45_2,O,400000,800000,6897,,,
5,F6,P6_1,O,0,50000,3255,,,
5,F6,P6_2,M,50000,100000,3255,50000.0,53255.0,46745.0
5,F6,P6_3,O,100000,150000,3255,,,
5,F6,P6_4,M,150000,200000,3255,150000.0,153255.0,46745.0
5,F6,P6_5,O,200000,250000,3255,,,
5,F6,P6_6,M,250000,300000,3255,250000.0,253255.0,46745.0
5,F6,P6_7,O,300000,350000,3255,,,
5,F6,P6_8,M,350000,400000,3255,350000.0,353255.0,46745.0
5,F6,P6_9,O,400000,450000,3255,,,
5,F6,P6_10,M,450000,500000,3255,450000.0,453255.0,46745.0
5,F6,P6_11,O,500000,550000,3255,,,
5,F6,P6_12,M,550000,600000,3255,550000.0,553255.0,46745.0
5,F6,P6_13,O,600000,650000,3255,,,
5,F6,P6_14,M,650000,700000,3255,650000.0,653255.0,46745.0
5,F6,P6_15,O,700000,750000,3255,,,
5,F6,P6_16,M,750000,800000,3255,750000.0,753255.0,46745.0
6,F1,P1_1,M,0,400000,5409,7890.0,13299.0,386701.0
6,F1,P1_2,O,400000,800000,5409,,,
6,F10,P10_1,O,0,400000,600,,,
6,F10,P10_2,M,400000,800000,600,406409.0,407009.0,392991.0
6,F14,P14_1,M,0,400000,7890,0.0,7890.0,392110.0
6,F14,P14_2,O,400000,800000,7890,,,
6,F28,P28_1,O,0,400000,600,,,
6,F28,P28_2,M,400000,800000,600,407009.0,407609.0,392391.0
6,F36,P36_1,O,0,400000,3004,,,
6,F36,P36_2,M,400000,800000,3004,403405.0,406409.0,393591.0
6,F37,P37_1,O,0,400000,3405,,,
6,F37,P37_2,M,400000,800000,3405,400000.0,403405.0,396595.0
6,F43,P43_1,O,0,50000,2254,,,
6,F43,P43_2,M,50000,100000,2254,50000.0,52254.0,47746.0
6,F43,P43_3,O,100000,150000,2254,,,
6,F43,P43_4,M,150000,200000,2254,150000.0,152254.0,47746.0
6,F43,P43_5,O,200000,250000,2254,,,
6,F43,P43_6,M,250000,300000,2254,250000.0,252254.0,47746.0
6,F43,P43_7,O,300000,350000,2254,,,
6,F43,P43_8,M,350000,400000,2254,350000.0,352254.0,47746.0
6,F43,P43_9,O,400000,450000,2254,,,
6,F43,P43_10,M,450000,500000,2254,450000.0,452254.0,47746.0
6,F43,P43_11,O,500000,550000,2254,,,
6,F43,P43_12,M,550000,600000,2254,550000.0,552254.0,47746.0
6,F43,P43_13,O,600000,650000,2254,,,
6,F43,P43_14,M,650000,700000,2254,650000.0,652254.0,47746.0
6,F43,P43_15,O,700000,750000,2254,,,
6,F43,P43_16,M,750000,800000,2254,750000.0,752254.0,47746.0
7,F23,P23_1,O,0,400000,600,,,
7,F23,P23_2,M,400000,800000,600,400000.0,400600.0,399400.0
7,F47,P47_1,M,0,400000,1721,0.0,1721.0,398279.0
7,F47,P47_2,O,400000,800000,1721,,,
