Flow,Packet,Class,Arrival,Deadline,Execution Time,Gate Open,Gate Close,Response Time,Status,Scheduled,Deadline Met,Solver_Execution_Time_Seconds,Solver_Execution_Time_Minutes,Solver_Status,Objective_Value,Stopping_Reason
F1,P1_1,8,0,50000,3221,28025.0,31246.0,31246.0,Scheduled - Deadline Met,Yes,Yes,3600.5246109962463,60.008743516604106,9,10660.0,Gurobi Status: 9
F1,P1_2,1,50000,100000,3221,83857.0,87078.0,37078.0,Scheduled - Deadline Met,Yes,Yes,3600.5246109962463,60.008743516604106,9,10660.0,Gurobi Status: 9
F1,P1_3,1,100000,150000,3221,107049.0,110270.0,10270.0,Scheduled - Deadline Met,Yes,Yes,3600.5246109962463,60.008743516604106,9,10660.0,Gurobi Status: 9
F1,P1_4,8,150000,200000,3221,152771.0,155992.0,5992.0,Scheduled - Deadline Met,Yes,Yes,3600.5246109962463,60.008743516604106,9,10660.0,Gurobi Status: 9
F1,P1_5,1,200000,250000,3221,205155.0,208376.0,8376.0,Scheduled - Deadline Met,Yes,Yes,3600.5246109962463,60.008743516604106,9,10660.0,Gurobi Status: 9
F1,P1_6,1,250000,300000,3221,291969.0,295190.0,45190.0,Scheduled - Deadline Met,Yes,Yes,3600.5246109962463,60.008743516604106,9,10660.0,Gurobi Status: 9
F1,P1_7,8,300000,350000,3221,330879.0,334100.0,34100.0,Scheduled - Deadline Met,Yes,Yes,3600.5246109962463,60.008743516604106,9,10660.0,Gurobi Status: 9
F1,P1_8,1,350000,400000,3221,374442.0,377663.0,27663.0,Scheduled - Deadline Met,Yes,Yes,3600.5246109962463,60.008743516604106,9,10660.0,Gurobi Status: 9
F1,P1_9,1,400000,450000,3221,400000.0,403221.0,3221.0,Scheduled - Deadline Met,Yes,Yes,3600.5246109962463,60.008743516604106,9,10660.0,Gurobi Status: 9
F1,P1_10,8,450000,500000,3221,,,,Optional Packets- Not Scheduled,No,N/A,3600.5246109962463,60.008743516604106,9,10660.0,Gurobi Status: 9
F1,P1_11,1,500000,550000,3221,536876.0,540097.0,40097.0,Scheduled - Deadline Met,Yes,Yes,3600.5246109962463,60.008743516604106,9,10660.0,Gurobi Status: 9
F1,P1_12,1,550000,600000,3221,591969.0,595190.0,45190.0,Scheduled - Deadline Met,Yes,Yes,3600.5246109962463,60.008743516604106,9,10660.0,Gurobi Status: 9
F1,P1_13,8,600000,650000,3221,618860.0,622081.0,22081.0,Scheduled - Deadline Met,Yes,Yes,3600.5246109962463,60.008743516604106,9,10660.0,Gurobi Status: 9
F1,P1_14,1,650000,700000,3221,696779.0,700000.0,50000.0,Scheduled - Deadline Met,Yes,Yes,3600.5246109962463,60.008743516604106,9,10660.0,Gurobi Status: 9
F1,P1_15,1,700000,750000,3221,710367.0,713588.0,13588.0,Scheduled - Deadline Met,Yes,Yes,3600.5246109962463,60.008743516604106,9,10660.0,Gurobi Status: 9
F1,P1_16,8,750000,800000,3221,785358.0,788579.0,38579.0,Scheduled - Deadline Met,Yes,Yes,3600.5246109962463,60.008743516604106,9,10660.0,Gurobi Status: 9
F1,P1_17,1,800000,850000,3221,800000.0,803221.0,3221.0,Scheduled - Deadline Met,Yes,Yes,3600.5246109962463,60.008743516604106,9,10660.0,Gurobi Status: 9
F1,P1_18,1,850000,900000,3221,892133.0,895354.0,45354.0,Scheduled - Deadline Met,Yes,Yes,3600.5246109962463,60.008743516604106,9,10660.0,Gurobi Status: 9
F1,P1_19,8,900000,950000,3221,,,,Optional Packets- Not Scheduled,No,N/A,3600.5246109962463,60.008743516604106,9,10660.0,Gurobi Status: 9
F1,P1_20,1,950000,1000000,3221,996779.0,1000000.0,50000.0,Scheduled - Deadline Met,Yes,Yes,3600.5246109962463,60.008743516604106,9,10660.0,Gurobi Status: 9
F1,P1_21,1,1000000,1050000,3221,1001257.0,1004478.0,4478.0,Scheduled - Deadline Met,Yes,Yes,3600.5246109962463,60.008743516604106,9,10660.0,Gurobi Status: 9
F1,P1_22,8,1050000,1100000,3221,1090056.0,1093277.0,43277.0,Scheduled - Deadline Met,Yes,Yes,3600.5246109962463,60.008743516604106,9,10660.0,Gurobi Status: 9
F1,P1_23,1,1100000,1150000,3221,1104698.0,1107919.0,7919.0,Scheduled - Deadline Met,Yes,Yes,3600.5246109962463,60.008743516604106,9,10660.0,Gurobi Status: 9
F1,P1_24,1,1150000,1200000,3221,1196683.0,1199904.0,49904.0,Scheduled - Deadline Met,Yes,Yes,3600.5246109962463,60.008743516604106,9,10660.0,Gurobi Status: 9
F1,P1_25,8,1200000,1250000,3221,1223779.0,1227000.0,27000.0,Scheduled - Deadline Met,Yes,Yes,3600.5246109962463,60.008743516604106,9,10660.0,Gurobi Status: 9
F1,P1_26,1,1250000,1300000,3221,1296239.0,1299460.0,49460.0,Scheduled - Deadline Met,Yes,Yes,3600.5246109962463,60.008743516604106,9,10660.0,Gurobi Status: 9
F1,P1_27,1,1300000,1350000,3221,1300060.0,1303281.0,3281.0,Scheduled - Deadline Met,Yes,Yes,3600.5246109962463,60.008743516604106,9,10660.0,Gurobi Status: 9
F1,P1_28,8,1350000,1400000,3221,1396682.0,1399903.0,49903.0,Scheduled - Deadline Met,Yes,Yes,3600.5246109962463,60.008743516604106,9,10660.0,Gurobi Status: 9
F1,P1_29,1,1400000,1450000,3221,1431901.0,1435122.0,35122.0,Scheduled - Deadline Met,Yes,Yes,3600.5246109962463,60.008743516604106,9,10660.0,Gurobi Status: 9
F1,P1_30,1,1450000,1500000,3221,1486733.0,1489954.0,39954.0,Scheduled - Deadline Met,Yes,Yes,3600.5246109962463,60.008743516604106,9,10660.0,Gurobi Status: 9
F1,P1_31,8,1500000,1550000,3221,1531787.0,1535008.0,35008.0,Scheduled - Deadline Met,Yes,Yes,3600.5246109962463,60.008743516604106,9,10660.0,Gurobi Status: 9
F1,P1_32,1,1550000,1600000,3221,1581001.0,1584222.0,34222.0,Scheduled - Deadline Met,Yes,Yes,3600.5246109962463,60.008743516604106,9,10660.0,Gurobi Status: 9
F1,P1_33,1,1600000,1650000,3221,1602255.0,1605476.0,5476.0,Scheduled - Deadline Met,Yes,Yes,3600.5246109962463,60.008743516604106,9,10660.0,Gurobi Status: 9
F1,P1_34,8,1650000,1700000,3221,,,,Optional Packets- Not Scheduled,No,N/A,3600.5246109962463,60.008743516604106,9,10660.0,Gurobi Status: 9
F1,P1_35,1,1700000,1750000,3221,1706393.0,1709614.0,9614.0,Scheduled - Deadline Met,Yes,Yes,3600.5246109962463,60.008743516604106,9,10660.0,Gurobi Status: 9
F1,P1_36,1,1750000,1800000,3221,1782927.0,1786148.0,36148.0,Scheduled - Deadline Met,Yes,Yes,3600.5246109962463,60.008743516604106,9,10660.0,Gurobi Status: 9
F1,P1_37,8,1800000,1850000,3221,1812077.0,1815298.0,15298.0,Scheduled - Deadline Met,Yes,Yes,3600.5246109962463,60.008743516604106,9,10660.0,Gurobi Status: 9
F1,P1_38,1,1850000,1900000,3221,1873571.0,1876792.0,26792.0,Scheduled - Deadline Met,Yes,Yes,3600.5246109962463,60.008743516604106,9,10660.0,Gurobi Status: 9
F1,P1_39,1,1900000,1950000,3221,1903402.0,1906623.0,6623.0,Scheduled - Deadline Met,Yes,Yes,3600.5246109962463,60.008743516604106,9,10660.0,Gurobi Status: 9
F1,P1_40,8,1950000,2000000,3221,1974227.0,1977448.0,27448.0,Scheduled - Deadline Met,Yes,Yes,3600.5246109962463,60.008743516604106,9,10660.0,Gurobi Status: 9
F1,P1_41,1,2000000,2050000,3221,2000000.0,2003221.0,3221.0,Scheduled - Deadline Met,Yes,Yes,3600.5246109962463,60.008743516604106,9,10660.0,Gurobi Status: 9
F1,P1_42,1,2050000,2100000,3221,2086635.0,2089856.0,39856.0,Scheduled - Deadline Met,Yes,Yes,3600.5246109962463,60.008743516604106,9,10660.0,Gurobi Status: 9
F1,P1_43,8,2100000,2150000,3221,2146779.0,2150000.0,50000.0,Scheduled - Deadline Met,Yes,Yes,3600.5246109962463,60.008743516604106,9,10660.0,Gurobi Status: 9
F1,P1_44,1,2150000,2200000,3221,2196779.0,2200000.0,50000.0,Scheduled - Deadline Met,Yes,Yes,3600.5246109962463,60.008743516604106,9,10660.0,Gurobi Status: 9
F1,P1_45,1,2200000,2250000,3221,2200998.0,2204219.0,4219.0,Scheduled - Deadline Met,Yes,Yes,3600.5246109962463,60.008743516604106,9,10660.0,Gurobi Status: 9
F1,P1_46,8,2250000,2300000,3221,2258610.0,2261831.0,11831.0,Scheduled - Deadline Met,Yes,Yes,3600.5246109962463,60.008743516604106,9,10660.0,Gurobi Status: 9
F1,P1_47,1,2300000,2350000,3221,2308501.0,2311722.0,11722.0,Scheduled - Deadline Met,Yes,Yes,3600.5246109962463,60.008743516604106,9,10660.0,Gurobi Status: 9
F1,P1_48,1,2350000,2400000,3221,2383184.0,2386405.0,36405.0,Scheduled - Deadline Met,Yes,Yes,3600.5246109962463,60.008743516604106,9,10660.0,Gurobi Status: 9
F10,P10_1,5,0,100000,1581,0.0,1581.0,1581.0,Scheduled - Deadline Met,Yes,Yes,3600.5246109962463,60.008743516604106,9,10660.0,Gurobi Status: 9
F10,P10_2,8,100000,200000,1581,150096.0,151677.0,51677.0,Scheduled - Deadline Met,Yes,Yes,3600.5246109962463,60.008743516604106,9,10660.0,Gurobi Status: 9
F10,P10_3,5,200000,300000,1581,239935.0,241516.0,41516.0,Scheduled - Deadline Met,Yes,Yes,3600.5246109962463,60.008743516604106,9,10660.0,Gurobi Status: 9
F10,P10_4,5,300000,400000,1581,345521.0,347102.0,47102.0,Scheduled - Deadline Met,Yes,Yes,3600.5246109962463,60.008743516604106,9,10660.0,Gurobi Status: 9
F10,P10_5,8,400000,500000,1581,498106.0,499687.0,99687.0,Scheduled - Deadline Met,Yes,Yes,3600.5246109962463,60.008743516604106,9,10660.0,Gurobi Status: 9
F10,P10_6,5,500000,600000,1581,563854.0,565435.0,65435.0,Scheduled - Deadline Met,Yes,Yes,3600.5246109962463,60.008743516604106,9,10660.0,Gurobi Status: 9
F10,P10_7,5,600000,700000,1581,600000.0,601581.0,1581.0,Scheduled - Deadline Met,Yes,Yes,3600.5246109962463,60.008743516604106,9,10660.0,Gurobi Status: 9
F10,P10_8,8,700000,800000,1581,750096.0,751677.0,51677.0,Scheduled - Deadline Met,Yes,Yes,3600.5246109962463,60.008743516604106,9,10660.0,Gurobi Status: 9
F10,P10_9,5,800000,900000,1581,804315.0,805896.0,5896.0,Scheduled - Deadline Met,Yes,Yes,3600.5246109962463,60.008743516604106,9,10660.0,Gurobi Status: 9
F10,P10_10,5,900000,1000000,1581,983942.0,985523.0,85523.0,Scheduled - Deadline Met,Yes,Yes,3600.5246109962463,60.008743516604106,9,10660.0,Gurobi Status: 9
F10,P10_11,8,1000000,1100000,1581,1040987.0,1042568.0,42568.0,Scheduled - Deadline Met,Yes,Yes,3600.5246109962463,60.008743516604106,9,10660.0,Gurobi Status: 9
F10,P10_12,5,1100000,1200000,1581,1182518.0,1184099.0,84099.0,Scheduled - Deadline Met,Yes,Yes,3600.5246109962463,60.008743516604106,9,10660.0,Gurobi Status: 9
F10,P10_13,5,1200000,1300000,1581,1201176.0,1202757.0,2757.0,Scheduled - Deadline Met,Yes,Yes,3600.5246109962463,60.008743516604106,9,10660.0,Gurobi Status: 9
F10,P10_14,8,1300000,1400000,1581,1346803.0,1348384.0,48384.0,Scheduled - Deadline Met,Yes,Yes,3600.5246109962463,60.008743516604106,9,10660.0,Gurobi Status: 9
F10,P10_15,5,1400000,1500000,1581,1430224.0,1431805.0,31805.0,Scheduled - Deadline Met,Yes,Yes,3600.5246109962463,60.008743516604106,9,10660.0,Gurobi Status: 9
F10,P10_16,5,1500000,1600000,1581,1579324.0,1580905.0,80905.0,Scheduled - Deadline Met,Yes,Yes,3600.5246109962463,60.008743516604106,9,10660.0,Gurobi Status: 9
F10,P10_17,8,1600000,1700000,1581,1640318.0,1641899.0,41899.0,Scheduled - Deadline Met,Yes,Yes,3600.5246109962463,60.008743516604106,9,10660.0,Gurobi Status: 9
F10,P10_18,5,1700000,1800000,1581,1776157.0,1777738.0,77738.0,Scheduled - Deadline Met,Yes,Yes,3600.5246109962463,60.008743516604106,9,10660.0,Gurobi Status: 9
F10,P10_19,5,1800000,1900000,1581,1846493.0,1848074.0,48074.0,Scheduled - Deadline Met,Yes,Yes,3600.5246109962463,60.008743516604106,9,10660.0,Gurobi Status: 9
F10,P10_20,8,1900000,2000000,1581,1971552.0,1973133.0,73133.0,Scheduled - Deadline Met,Yes,Yes,3600.5246109962463,60.008743516604106,9,10660.0,Gurobi Status: 9
F10,P10_21,5,2000000,2100000,1581,2003317.0,2004898.0,4898.0,Scheduled - Deadline Met,Yes,Yes,3600.5246109962463,60.008743516604106,9,10660.0,Gurobi Status: 9
F10,P10_22,5,2100000,2200000,1581,2173842.0,2175423.0,75423.0,Scheduled - Deadline Met,Yes,Yes,3600.5246109962463,60.008743516604106,9,10660.0,Gurobi Status: 9
F10,P10_23,8,2200000,2300000,1581,2254043.0,2255624.0,55624.0,Scheduled - Deadline Met,Yes,Yes,3600.5246109962463,60.008743516604106,9,10660.0,Gurobi Status: 9
F10,P10_24,5,2300000,2400000,1581,2306824.0,2308405.0,8405.0,Scheduled - Deadline Met,Yes,Yes,3600.5246109962463,60.008743516604106,9,10660.0,Gurobi Status: 9
F11,P11_1,1,0,400000,2832,50878.0,53710.0,53710.0,Scheduled - Deadline Met,Yes,Yes,3600.5246109962463,60.008743516604106,9,10660.0,Gurobi Status: 9
F11,P11_2,8,400000,800000,2832,,,,Optional Packets- Not Scheduled,No,N/A,3600.5246109962463,60.008743516604106,9,10660.0,Gurobi Status: 9
F11,P11_3,1,800000,1200000,2832,878702.0,881534.0,81534.0,Scheduled - Deadline Met,Yes,Yes,3600.5246109962463,60.008743516604106,9,10660.0,Gurobi Status: 9
F11,P11_4,1,1200000,1600000,2832,1267532.0,1270364.0,70364.0,Scheduled - Deadline Met,Yes,Yes,3600.5246109962463,60.008743516604106,9,10660.0,Gurobi Status: 9
F11,P11_5,8,1600000,2000000,2832,,,,Optional Packets- Not Scheduled,No,N/A,3600.5246109962463,60.008743516604106,9,10660.0,Gurobi Status: 9
F11,P11_6,1,2000000,2400000,2832,2074868.0,2077700.0,77700.0,Scheduled - Deadline Met,Yes,Yes,3600.5246109962463,60.008743516604106,9,10660.0,Gurobi Status: 9
F12,P12_1,1,0,100000,1080,1677.0,2757.0,2757.0,Scheduled - Deadline Met,Yes,Yes,3600.5246109962463,60.008743516604106,9,10660.0,Gurobi Status: 9
F12,P12_2,1,100000,200000,1080,178834.0,179914.0,79914.0,Scheduled - Deadline Met,Yes,Yes,3600.5246109962463,60.008743516604106,9,10660.0,Gurobi Status: 9
F12,P12_3,8,200000,300000,1080,225951.0,227031.0,27031.0,Scheduled - Deadline Met,Yes,Yes,3600.5246109962463,60.008743516604106,9,10660.0,Gurobi Status: 9
F12,P12_4,1,300000,400000,1080,355381.0,356461.0,56461.0,Scheduled - Deadline Met,Yes,Yes,3600.5246109962463,60.008743516604106,9,10660.0,Gurobi Status: 9
F12,P12_5,1,400000,500000,1080,414806.0,415886.0,15886.0,Scheduled - Deadline Met,Yes,Yes,3600.5246109962463,60.008743516604106,9,10660.0,Gurobi Status: 9
F12,P12_6,8,500000,600000,1080,551353.0,552433.0,52433.0,Scheduled - Deadline Met,Yes,Yes,3600.5246109962463,60.008743516604106,9,10660.0,Gurobi Status: 9
F12,P12_7,1,600000,700000,1080,654341.0,655421.0,55421.0,Scheduled - Deadline Met,Yes,Yes,3600.5246109962463,60.008743516604106,9,10660.0,Gurobi Status: 9
F12,P12_8,1,700000,800000,1080,767960.0,769040.0,69040.0,Scheduled - Deadline Met,Yes,Yes,3600.5246109962463,60.008743516604106,9,10660.0,Gurobi Status: 9
F12,P12_9,8,800000,900000,1080,,,,Optional Packets- Not Scheduled,No,N/A,3600.5246109962463,60.008743516604106,9,10660.0,Gurobi Status: 9
F12,P12_10,1,900000,1000000,1080,977445.0,978525.0,78525.0,Scheduled - Deadline Met,Yes,Yes,3600.5246109962463,60.008743516604106,9,10660.0,Gurobi Status: 9
F12,P12_11,1,1000000,1100000,1080,1004574.0,1005654.0,5654.0,Scheduled - Deadline Met,Yes,Yes,3600.5246109962463,60.008743516604106,9,10660.0,Gurobi Status: 9
F12,P12_12,8,1100000,1200000,1080,1165577.0,1166657.0,66657.0,Scheduled - Deadline Met,Yes,Yes,3600.5246109962463,60.008743516604106,9,10660.0,Gurobi Status: 9
F12,P12_13,1,1200000,1300000,1080,1200000.0,1201080.0,1080.0,Scheduled - Deadline Met,Yes,Yes,3600.5246109962463,60.008743516604106,9,10660.0,Gurobi Status: 9
F12,P12_14,1,1300000,1400000,1080,1375580.0,1376660.0,76660.0,Scheduled - Deadline Met,Yes,Yes,3600.5246109962463,60.008743516604106,9,10660.0,Gurobi Status: 9
F12,P12_15,8,1400000,1500000,1080,1498920.0,1500000.0,100000.0,Scheduled - Deadline Met,Yes,Yes,3600.5246109962463,60.008743516604106,9,10660.0,Gurobi Status: 9
F12,P12_16,1,1500000,1600000,1080,1512262.0,1513342.0,13342.0,Scheduled - Deadline Met,Yes,Yes,3600.5246109962463,60.008743516604106,9,10660.0,Gurobi Status: 9
F12,P12_17,1,1600000,1700000,1080,1659124.0,1660204.0,60204.0,Scheduled - Deadline Met,Yes,Yes,3600.5246109962463,60.008743516604106,9,10660.0,Gurobi Status: 9
F12,P12_18,8,1700000,1800000,1080,1751353.0,1752433.0,52433.0,Scheduled - Deadline Met,Yes,Yes,3600.5246109962463,60.008743516604106,9,10660.0,Gurobi Status: 9
F12,P12_19,1,1800000,1900000,1080,1800998.0,1802078.0,2078.0,Scheduled - Deadline Met,Yes,Yes,3600.5246109962463,60.008743516604106,9,10660.0,Gurobi Status: 9
F12,P12_20,1,1900000,2000000,1080,1912988.0,1914068.0,14068.0,Scheduled - Deadline Met,Yes,Yes,3600.5246109962463,60.008743516604106,9,10660.0,Gurobi Status: 9
F12,P12_21,8,2000000,2100000,1080,2096019.0,2097099.0,97099.0,Scheduled - Deadline Met,Yes,Yes,3600.5246109962463,60.008743516604106,9,10660.0,Gurobi Status: 9
F12,P12_22,1,2100000,2200000,1080,2177376.0,2178456.0,78456.0,Scheduled - Deadline Met,Yes,Yes,3600.5246109962463,60.008743516604106,9,10660.0,Gurobi Status: 9
F12,P12_23,1,2200000,2300000,1080,2205572.0,2206652.0,6652.0,Scheduled - Deadline Met,Yes,Yes,3600.5246109962463,60.008743516604106,9,10660.0,Gurobi Status: 9
F12,P12_24,8,2300000,2400000,1080,2386501.0,2387581.0,87581.0,Scheduled - Deadline Met,Yes,Yes,3600.5246109962463,60.008743516604106,9,10660.0,Gurobi Status: 9
F13,P13_1,3,0,400000,1671,59292.0,60963.0,60963.0,Scheduled - Deadline Met,Yes,Yes,3600.5246109962463,60.008743516604106,9,10660.0,Gurobi Status: 9
F13,P13_2,3,400000,800000,1671,473329.0,475000.0,75000.0,Scheduled - Deadline Met,Yes,Yes,3600.5246109962463,60.008743516604106,9,10660.0,Gurobi Status: 9
F13,P13_3,8,800000,1200000,1671,929747.0,931418.0,131418.0,Scheduled - Deadline Met,Yes,Yes,3600.5246109962463,60.008743516604106,9,10660.0,Gurobi Status: 9
F13,P13_4,3,1200000,1600000,1671,1281886.0,1283557.0,83557.0,Scheduled - Deadline Met,Yes,Yes,3600.5246109962463,60.008743516604106,9,10660.0,Gurobi Status: 9
F13,P13_5,3,1600000,2000000,1671,1628648.0,1630319.0,30319.0,Scheduled - Deadline Met,Yes,Yes,3600.5246109962463,60.008743516604106,9,10660.0,Gurobi Status: 9
F13,P13_6,8,2000000,2400000,1671,2132834.0,2134505.0,134505.0,Scheduled - Deadline Met,Yes,Yes,3600.5246109962463,60.008743516604106,9,10660.0,Gurobi Status: 9
F14,P14_1,6,0,400000,3445,201710.0,205155.0,205155.0,Scheduled - Deadline Met,Yes,Yes,3600.5246109962463,60.008743516604106,9,10660.0,Gurobi Status: 9
F14,P14_2,8,400000,800000,3445,,,,Optional Packets- Not Scheduled,No,N/A,3600.5246109962463,60.008743516604106,9,10660.0,Gurobi Status: 9
F14,P14_3,6,800000,1200000,3445,1108760.0,1112205.0,312205.0,Scheduled - Deadline Met,Yes,Yes,3600.5246109962463,60.008743516604106,9,10660.0,Gurobi Status: 9
F14,P14_4,6,1200000,1600000,3445,1252322.0,1255767.0,55767.0,Scheduled - Deadline Met,Yes,Yes,3600.5246109962463,60.008743516604106,9,10660.0,Gurobi Status: 9
F14,P14_5,8,1600000,2000000,3445,,,,Optional Packets- Not Scheduled,No,N/A,3600.5246109962463,60.008743516604106,9,10660.0,Gurobi Status: 9
F14,P14_6,6,2000000,2400000,3445,2169221.0,2172666.0,172666.0,Scheduled - Deadline Met,Yes,Yes,3600.5246109962463,60.008743516604106,9,10660.0,Gurobi Status: 9
F15,P15_1,8,0,400000,4102,125626.0,129728.0,129728.0,Scheduled - Deadline Met,Yes,Yes,3600.5246109962463,60.008743516604106,9,10660.0,Gurobi Status: 9
F15,P15_2,2,400000,800000,4102,438523.0,442625.0,42625.0,Scheduled - Deadline Met,Yes,Yes,3600.5246109962463,60.008743516604106,9,10660.0,Gurobi Status: 9
F15,P15_3,2,800000,1200000,4102,874504.0,878606.0,78606.0,Scheduled - Deadline Met,Yes,Yes,3600.5246109962463,60.008743516604106,9,10660.0,Gurobi Status: 9
F15,P15_4,8,1200000,1600000,4102,,,,Optional Packets- Not Scheduled,No,N/A,3600.5246109962463,60.008743516604106,9,10660.0,Gurobi Status: 9
F15,P15_5,2,1600000,2000000,4102,1860133.0,1864235.0,264235.0,Scheduled - Deadline Met,Yes,Yes,3600.5246109962463,60.008743516604106,9,10660.0,Gurobi Status: 9
F15,P15_6,2,2000000,2400000,4102,2070670.0,2074772.0,74772.0,Scheduled - Deadline Met,Yes,Yes,3600.5246109962463,60.008743516604106,9,10660.0,Gurobi Status: 9
F16,P16_1,5,0,400000,5430,179914.0,185344.0,185344.0,Scheduled - Deadline Met,Yes,Yes,3600.5246109962463,60.008743516604106,9,10660.0,Gurobi Status: 9
F16,P16_2,5,400000,800000,5430,432587.0,438017.0,38017.0,Scheduled - Deadline Met,Yes,Yes,3600.5246109962463,60.008743516604106,9,10660.0,Gurobi Status: 9
F16,P16_3,8,800000,1200000,5430,918958.0,924388.0,124388.0,Scheduled - Deadline Met,Yes,Yes,3600.5246109962463,60.008743516604106,9,10660.0,Gurobi Status: 9
F16,P16_4,5,1200000,1600000,5430,1360803.0,1366233.0,166233.0,Scheduled - Deadline Met,Yes,Yes,3600.5246109962463,60.008743516604106,9,10660.0,Gurobi Status: 9
F16,P16_5,5,1600000,2000000,5430,1764852.0,1770282.0,170282.0,Scheduled - Deadline Met,Yes,Yes,3600.5246109962463,60.008743516604106,9,10660.0,Gurobi Status: 9
F16,P16_6,8,2000000,2400000,5430,2112027.0,2117457.0,117457.0,Scheduled - Deadline Met,Yes,Yes,3600.5246109962463,60.008743516604106,9,10660.0,Gurobi Status: 9
F17,P17_1,6,0,400000,1483,238452.0,239935.0,239935.0,Scheduled - Deadline Met,Yes,Yes,3600.5246109962463,60.008743516604106,9,10660.0,Gurobi Status: 9
F17,P17_2,6,400000,800000,1483,655421.0,656904.0,256904.0,Scheduled - Deadline Met,Yes,Yes,3600.5246109962463,60.008743516604106,9,10660.0,Gurobi Status: 9
F17,P17_3,8,800000,1200000,1483,931514.0,932997.0,132997.0,Scheduled - Deadline Met,Yes,Yes,3600.5246109962463,60.008743516604106,9,10660.0,Gurobi Status: 9
F17,P17_4,6,1200000,1600000,1483,1294756.0,1296239.0,96239.0,Scheduled - Deadline Met,Yes,Yes,3600.5246109962463,60.008743516604106,9,10660.0,Gurobi Status: 9
F17,P17_5,6,1600000,2000000,1483,1770378.0,1771861.0,171861.0,Scheduled - Deadline Met,Yes,Yes,3600.5246109962463,60.008743516604106,9,10660.0,Gurobi Status: 9
F17,P17_6,8,2000000,2400000,1483,2134601.0,2136084.0,136084.0,Scheduled - Deadline Met,Yes,Yes,3600.5246109962463,60.008743516604106,9,10660.0,Gurobi Status: 9
F18,P18_1,8,0,400000,5737,,,,Optional Packets- Not Scheduled,No,N/A,3600.5246109962463,60.008743516604106,9,10660.0,Gurobi Status: 9
F18,P18_2,6,400000,800000,5737,648604.0,654341.0,254341.0,Scheduled - Deadline Met,Yes,Yes,3600.5246109962463,60.008743516604106,9,10660.0,Gurobi Status: 9
F18,P18_3,6,800000,1200000,5737,834741.0,840478.0,40478.0,Scheduled - Deadline Met,Yes,Yes,3600.5246109962463,60.008743516604106,9,10660.0,Gurobi Status: 9
F18,P18_4,8,1200000,1600000,5737,,,,Optional Packets- Not Scheduled,No,N/A,3600.5246109962463,60.008743516604106,9,10660.0,Gurobi Status: 9
F18,P18_5,6,1600000,2000000,5737,1660300.0,1666037.0,66037.0,Scheduled - Deadline Met,Yes,Yes,3600.5246109962463,60.008743516604106,9,10660.0,Gurobi Status: 9
F18,P18_6,6,2000000,2400000,5737,2162419.0,2168156.0,168156.0,Scheduled - Deadline Met,Yes,Yes,3600.5246109962463,60.008743516604106,9,10660.0,Gurobi Status: 9
F19,P19_1,8,0,400000,1825,135087.0,136912.0,136912.0,Scheduled - Deadline Met,Yes,Yes,3600.5246109962463,60.008743516604106,9,10660.0,Gurobi Status: 9
F19,P19_2,7,400000,800000,1825,452068.0,453893.0,53893.0,Scheduled - Deadline Met,Yes,Yes,3600.5246109962463,60.008743516604106,9,10660.0,Gurobi Status: 9
F19,P19_3,7,800000,1200000,1825,832820.0,834645.0,34645.0,Scheduled - Deadline Met,Yes,Yes,3600.5246109962463,60.008743516604106,9,10660.0,Gurobi Status: 9
F19,P19_4,8,1200000,1600000,1825,1334979.0,1336804.0,136804.0,Scheduled - Deadline Met,Yes,Yes,3600.5246109962463,60.008743516604106,9,10660.0,Gurobi Status: 9
F19,P19_5,7,1600000,2000000,1825,1621937.0,1623762.0,23762.0,Scheduled - Deadline Met,Yes,Yes,3600.5246109962463,60.008743516604106,9,10660.0,Gurobi Status: 9
F19,P19_6,7,2000000,2400000,1825,2189861.0,2191686.0,191686.0,Scheduled - Deadline Met,Yes,Yes,3600.5246109962463,60.008743516604106,9,10660.0,Gurobi Status: 9
F2,P2_1,5,0,100000,1161,10176.0,11337.0,11337.0,Scheduled - Deadline Met,Yes,Yes,3600.5246109962463,60.008743516604106,9,10660.0,Gurobi Status: 9
F2,P2_2,5,100000,200000,1161,185440.0,186601.0,86601.0,Scheduled - Deadline Met,Yes,Yes,3600.5246109962463,60.008743516604106,9,10660.0,Gurobi Status: 9
F2,P2_3,8,200000,300000,1161,224694.0,225855.0,25855.0,Scheduled - Deadline Met,Yes,Yes,3600.5246109962463,60.008743516604106,9,10660.0,Gurobi Status: 9
F2,P2_4,5,300000,400000,1161,362771.0,363932.0,63932.0,Scheduled - Deadline Met,Yes,Yes,3600.5246109962463,60.008743516604106,9,10660.0,Gurobi Status: 9
F2,P2_5,5,400000,500000,1161,403317.0,404478.0,4478.0,Scheduled - Deadline Met,Yes,Yes,3600.5246109962463,60.008743516604106,9,10660.0,Gurobi Status: 9
F2,P2_6,8,500000,600000,1161,550096.0,551257.0,51257.0,Scheduled - Deadline Met,Yes,Yes,3600.5246109962463,60.008743516604106,9,10660.0,Gurobi Status: 9
F2,P2_7,5,600000,700000,1161,656904.0,658065.0,58065.0,Scheduled - Deadline Met,Yes,Yes,3600.5246109962463,60.008743516604106,9,10660.0,Gurobi Status: 9
F2,P2_8,5,700000,800000,1161,713684.0,714845.0,14845.0,Scheduled - Deadline Met,Yes,Yes,3600.5246109962463,60.008743516604106,9,10660.0,Gurobi Status: 9
F2,P2_9,8,800000,900000,1161,,,,Optional Packets- Not Scheduled,No,N/A,3600.5246109962463,60.008743516604106,9,10660.0,Gurobi Status: 9
F2,P2_10,5,900000,1000000,1161,990712.0,991873.0,91873.0,Scheduled - Deadline Met,Yes,Yes,3600.5246109962463,60.008743516604106,9,10660.0,Gurobi Status: 9
F2,P2_11,5,1000000,1100000,1161,1000000.0,1001161.0,1161.0,Scheduled - Deadline Met,Yes,Yes,3600.5246109962463,60.008743516604106,9,10660.0,Gurobi Status: 9
F2,P2_12,8,1100000,1200000,1161,1146171.0,1147332.0,47332.0,Scheduled - Deadline Met,Yes,Yes,3600.5246109962463,60.008743516604106,9,10660.0,Gurobi Status: 9
F2,P2_13,5,1200000,1300000,1161,1243742.0,1244903.0,44903.0,Scheduled - Deadline Met,Yes,Yes,3600.5246109962463,60.008743516604106,9,10660.0,Gurobi Status: 9
F2,P2_14,5,1300000,1400000,1161,1380201.0,1381362.0,81362.0,Scheduled - Deadline Met,Yes,Yes,3600.5246109962463,60.008743516604106,9,10660.0,Gurobi Status: 9
F2,P2_15,8,1400000,1500000,1161,1497663.0,1498824.0,98824.0,Scheduled - Deadline Met,Yes,Yes,3600.5246109962463,60.008743516604106,9,10660.0,Gurobi Status: 9
F2,P2_16,5,1500000,1600000,1161,1584318.0,1585479.0,85479.0,Scheduled - Deadline Met,Yes,Yes,3600.5246109962463,60.008743516604106,9,10660.0,Gurobi Status: 9
F2,P2_17,5,1600000,1700000,1161,1600000.0,1601161.0,1161.0,Scheduled - Deadline Met,Yes,Yes,3600.5246109962463,60.008743516604106,9,10660.0,Gurobi Status: 9
F2,P2_18,8,1700000,1800000,1161,1750096.0,1751257.0,51257.0,Scheduled - Deadline Met,Yes,Yes,3600.5246109962463,60.008743516604106,9,10660.0,Gurobi Status: 9
F2,P2_19,5,1800000,1900000,1161,1867221.0,1868382.0,68382.0,Scheduled - Deadline Met,Yes,Yes,3600.5246109962463,60.008743516604106,9,10660.0,Gurobi Status: 9
F2,P2_20,5,1900000,2000000,1161,1911731.0,1912892.0,12892.0,Scheduled - Deadline Met,Yes,Yes,3600.5246109962463,60.008743516604106,9,10660.0,Gurobi Status: 9
F2,P2_21,8,2000000,2100000,1161,2094762.0,2095923.0,95923.0,Scheduled - Deadline Met,Yes,Yes,3600.5246109962463,60.008743516604106,9,10660.0,Gurobi Status: 9
F2,P2_22,5,2100000,2200000,1161,2176119.0,2177280.0,77280.0,Scheduled - Deadline Met,Yes,Yes,3600.5246109962463,60.008743516604106,9,10660.0,Gurobi Status: 9
F2,P2_23,5,2200000,2300000,1161,2204315.0,2205476.0,5476.0,Scheduled - Deadline Met,Yes,Yes,3600.5246109962463,60.008743516604106,9,10660.0,Gurobi Status: 9
F2,P2_24,8,2300000,2400000,1161,2338645.0,2339806.0,39806.0,Scheduled - Deadline Met,Yes,Yes,3600.5246109962463,60.008743516604106,9,10660.0,Gurobi Status: 9
F20,P20_1,7,0,400000,600,300000.0,300600.0,300600.0,Scheduled - Deadline Met,Yes,Yes,3600.5246109962463,60.008743516604106,9,10660.0,Gurobi Status: 9
F20,P20_2,7,400000,800000,600,531980.0,532580.0,132580.0,Scheduled - Deadline Met,Yes,Yes,3600.5246109962463,60.008743516604106,9,10660.0,Gurobi Status: 9
F20,P20_3,8,800000,1200000,600,935582.0,936182.0,136182.0,Scheduled - Deadline Met,Yes,Yes,3600.5246109962463,60.008743516604106,9,10660.0,Gurobi Status: 9
F20,P20_4,7,1200000,1600000,600,1294060.0,1294660.0,94660.0,Scheduled - Deadline Met,Yes,Yes,3600.5246109962463,60.008743516604106,9,10660.0,Gurobi Status: 9
F20,P20_5,7,1600000,2000000,600,1658428.0,1659028.0,59028.0,Scheduled - Deadline Met,Yes,Yes,3600.5246109962463,60.008743516604106,9,10660.0,Gurobi Status: 9
F20,P20_6,8,2000000,2400000,600,2136180.0,2136780.0,136780.0,Scheduled - Deadline Met,Yes,Yes,3600.5246109962463,60.008743516604106,9,10660.0,Gurobi Status: 9
F21,P21_1,3,0,200000,2794,47988.0,50782.0,50782.0,Scheduled - Deadline Met,Yes,Yes,3600.5246109962463,60.008743516604106,9,10660.0,Gurobi Status: 9
F21,P21_2,3,200000,400000,2794,289175.0,291969.0,91969.0,Scheduled - Deadline Met,Yes,Yes,3600.5246109962463,60.008743516604106,9,10660.0,Gurobi Status: 9
F21,P21_3,8,400000,600000,2794,,,,Optional Packets- Not Scheduled,No,N/A,3600.5246109962463,60.008743516604106,9,10660.0,Gurobi Status: 9
F21,P21_4,3,600000,800000,2794,658161.0,660955.0,60955.0,Scheduled - Deadline Met,Yes,Yes,3600.5246109962463,60.008743516604106,9,10660.0,Gurobi Status: 9
F21,P21_5,3,800000,1000000,2794,825634.0,828428.0,28428.0,Scheduled - Deadline Met,Yes,Yes,3600.5246109962463,60.008743516604106,9,10660.0,Gurobi Status: 9
F21,P21_6,8,1000000,1200000,2794,1087166.0,1089960.0,89960.0,Scheduled - Deadline Met,Yes,Yes,3600.5246109962463,60.008743516604106,9,10660.0,Gurobi Status: 9
F21,P21_7,3,1200000,1400000,2794,1255863.0,1258657.0,58657.0,Scheduled - Deadline Met,Yes,Yes,3600.5246109962463,60.008743516604106,9,10660.0,Gurobi Status: 9
F21,P21_8,3,1400000,1600000,2794,1478296.0,1481090.0,81090.0,Scheduled - Deadline Met,Yes,Yes,3600.5246109962463,60.008743516604106,9,10660.0,Gurobi Status: 9
F21,P21_9,8,1600000,1800000,2794,1718358.0,1721152.0,121152.0,Scheduled - Deadline Met,Yes,Yes,3600.5246109962463,60.008743516604106,9,10660.0,Gurobi Status: 9
F21,P21_10,3,1800000,2000000,2794,1864331.0,1867125.0,67125.0,Scheduled - Deadline Met,Yes,Yes,3600.5246109962463,60.008743516604106,9,10660.0,Gurobi Status: 9
F21,P21_11,3,2000000,2200000,2794,2034650.0,2037444.0,37444.0,Scheduled - Deadline Met,Yes,Yes,3600.5246109962463,60.008743516604106,9,10660.0,Gurobi Status: 9
F21,P21_12,8,2200000,2400000,2794,2255720.0,2258514.0,58514.0,Scheduled - Deadline Met,Yes,Yes,3600.5246109962463,60.008743516604106,9,10660.0,Gurobi Status: 9
F22,P22_1,1,0,400000,600,58596.0,59196.0,59196.0,Scheduled - Deadline Met,Yes,Yes,3600.5246109962463,60.008743516604106,9,10660.0,Gurobi Status: 9
F22,P22_2,8,400000,800000,600,519959.0,520559.0,120559.0,Scheduled - Deadline Met,Yes,Yes,3600.5246109962463,60.008743516604106,9,10660.0,Gurobi Status: 9
F22,P22_3,1,800000,1200000,600,881630.0,882230.0,82230.0,Scheduled - Deadline Met,Yes,Yes,3600.5246109962463,60.008743516604106,9,10660.0,Gurobi Status: 9
F22,P22_4,1,1200000,1600000,600,1283653.0,1284253.0,84253.0,Scheduled - Deadline Met,Yes,Yes,3600.5246109962463,60.008743516604106,9,10660.0,Gurobi Status: 9
F22,P22_5,8,1600000,2000000,600,1735484.0,1736084.0,136084.0,Scheduled - Deadline Met,Yes,Yes,3600.5246109962463,60.008743516604106,9,10660.0,Gurobi Status: 9
F22,P22_6,1,2000000,2400000,600,2078594.0,2079194.0,79194.0,Scheduled - Deadline Met,Yes,Yes,3600.5246109962463,60.008743516604106,9,10660.0,Gurobi Status: 9
F23,P23_1,1,0,400000,7227,2853.0,10080.0,10080.0,Scheduled - Deadline Met,Yes,Yes,3600.5246109962463,60.008743516604106,9,10660.0,Gurobi Status: 9
F23,P23_2,8,400000,800000,7227,,,,Optional Packets- Not Scheduled,No,N/A,3600.5246109962463,60.008743516604106,9,10660.0,Gurobi Status: 9
F23,P23_3,1,800000,1200000,7227,845364.0,852591.0,52591.0,Scheduled - Deadline Met,Yes,Yes,3600.5246109962463,60.008743516604106,9,10660.0,Gurobi Status: 9
F23,P23_4,1,1200000,1600000,7227,1244999.0,1252226.0,52226.0,Scheduled - Deadline Met,Yes,Yes,3600.5246109962463,60.008743516604106,9,10660.0,Gurobi Status: 9
F23,P23_5,8,1600000,2000000,7227,,,,Optional Packets- Not Scheduled,No,N/A,3600.5246109962463,60.008743516604106,9,10660.0,Gurobi Status: 9
F23,P23_6,1,2000000,2400000,7227,2047565.0,2054792.0,54792.0,Scheduled - Deadline Met,Yes,Yes,3600.5246109962463,60.008743516604106,9,10660.0,Gurobi Status: 9
F24,P24_1,4,0,400000,2899,80117.0,83016.0,83016.0,Scheduled - Deadline Met,Yes,Yes,3600.5246109962463,60.008743516604106,9,10660.0,Gurobi Status: 9
F24,P24_2,8,400000,800000,2899,,,,Optional Packets- Not Scheduled,No,N/A,3600.5246109962463,60.008743516604106,9,10660.0,Gurobi Status: 9
F24,P24_3,4,800000,1200000,2899,852687.0,855586.0,55586.0,Scheduled - Deadline Met,Yes,Yes,3600.5246109962463,60.008743516604106,9,10660.0,Gurobi Status: 9
F24,P24_4,4,1200000,1600000,2899,1489954.0,1492853.0,292853.0,Scheduled - Deadline Met,Yes,Yes,3600.5246109962463,60.008743516604106,9,10660.0,Gurobi Status: 9
F24,P24_5,8,1600000,2000000,2899,,,,Optional Packets- Not Scheduled,No,N/A,3600.5246109962463,60.008743516604106,9,10660.0,Gurobi Status: 9
F24,P24_6,4,2000000,2400000,2899,2324906.0,2327805.0,327805.0,Scheduled - Deadline Met,Yes,Yes,3600.5246109962463,60.008743516604106,9,10660.0,Gurobi Status: 9
F25,P25_1,8,0,400000,702,137977.0,138679.0,138679.0,Scheduled - Deadline Met,Yes,Yes,3600.5246109962463,60.008743516604106,9,10660.0,Gurobi Status: 9
F25,P25_2,1,400000,800000,702,480359.0,481061.0,81061.0,Scheduled - Deadline Met,Yes,Yes,3600.5246109962463,60.008743516604106,9,10660.0,Gurobi Status: 9
F25,P25_3,8,800000,1200000,702,934062.0,934764.0,134764.0,Scheduled - Deadline Met,Yes,Yes,3600.5246109962463,60.008743516604106,9,10660.0,Gurobi Status: 9
F25,P25_4,1,1200000,1600000,702,1271773.0,1272475.0,72475.0,Scheduled - Deadline Met,Yes,Yes,3600.5246109962463,60.008743516604106,9,10660.0,Gurobi Status: 9
F25,P25_5,8,1600000,2000000,702,1733964.0,1734666.0,134666.0,Scheduled - Deadline Met,Yes,Yes,3600.5246109962463,60.008743516604106,9,10660.0,Gurobi Status: 9
F25,P25_6,1,2000000,2400000,702,2077796.0,2078498.0,78498.0,Scheduled - Deadline Met,Yes,Yes,3600.5246109962463,60.008743516604106,9,10660.0,Gurobi Status: 9
F26,P26_1,8,0,50000,4714,23215.0,27929.0,27929.0,Scheduled - Deadline Met,Yes,Yes,3600.5246109962463,60.008743516604106,9,10660.0,Gurobi Status: 9
F26,P26_2,3,50000,100000,4714,66056.0,70770.0,20770.0,Scheduled - Deadline Met,Yes,Yes,3600.5246109962463,60.008743516604106,9,10660.0,Gurobi Status: 9
F26,P26_3,8,100000,150000,4714,145286.0,150000.0,50000.0,Scheduled - Deadline Met,Yes,Yes,3600.5246109962463,60.008743516604106,9,10660.0,Gurobi Status: 9
F26,P26_4,3,150000,200000,4714,191790.0,196504.0,46504.0,Scheduled - Deadline Met,Yes,Yes,3600.5246109962463,60.008743516604106,9,10660.0,Gurobi Status: 9
F26,P26_5,8,200000,250000,4714,214563.0,219277.0,19277.0,Scheduled - Deadline Met,Yes,Yes,3600.5246109962463,60.008743516604106,9,10660.0,Gurobi Status: 9
F26,P26_6,3,250000,300000,4714,295286.0,300000.0,50000.0,Scheduled - Deadline Met,Yes,Yes,3600.5246109962463,60.008743516604106,9,10660.0,Gurobi Status: 9
F26,P26_7,8,300000,350000,4714,326069.0,330783.0,30783.0,Scheduled - Deadline Met,Yes,Yes,3600.5246109962463,60.008743516604106,9,10660.0,Gurobi Status: 9
F26,P26_8,3,350000,400000,4714,382867.0,387581.0,37581.0,Scheduled - Deadline Met,Yes,Yes,3600.5246109962463,60.008743516604106,9,10660.0,Gurobi Status: 9
F26,P26_9,8,400000,450000,4714,,,,Optional Packets- Not Scheduled,No,N/A,3600.5246109962463,60.008743516604106,9,10660.0,Gurobi Status: 9
F26,P26_10,3,450000,500000,4714,493296.0,498010.0,48010.0,Scheduled - Deadline Met,Yes,Yes,3600.5246109962463,60.008743516604106,9,10660.0,Gurobi Status: 9
F26,P26_11,8,500000,550000,4714,545286.0,550000.0,50000.0,Scheduled - Deadline Met,Yes,Yes,3600.5246109962463,60.008743516604106,9,10660.0,Gurobi Status: 9
F26,P26_12,3,550000,600000,4714,595286.0,600000.0,50000.0,Scheduled - Deadline Met,Yes,Yes,3600.5246109962463,60.008743516604106,9,10660.0,Gurobi Status: 9
F26,P26_13,8,600000,650000,4714,614050.0,618764.0,18764.0,Scheduled - Deadline Met,Yes,Yes,3600.5246109962463,60.008743516604106,9,10660.0,Gurobi Status: 9
F26,P26_14,3,650000,700000,4714,686948.0,691662.0,41662.0,Scheduled - Deadline Met,Yes,Yes,3600.5246109962463,60.008743516604106,9,10660.0,Gurobi Status: 9
F26,P26_15,8,700000,750000,4714,745286.0,750000.0,50000.0,Scheduled - Deadline Met,Yes,Yes,3600.5246109962463,60.008743516604106,9,10660.0,Gurobi Status: 9
F26,P26_16,3,750000,800000,4714,763150.0,767864.0,17864.0,Scheduled - Deadline Met,Yes,Yes,3600.5246109962463,60.008743516604106,9,10660.0,Gurobi Status: 9
F26,P26_17,8,800000,850000,4714,,,,Optional Packets- Not Scheduled,No,N/A,3600.5246109962463,60.008743516604106,9,10660.0,Gurobi Status: 9
F26,P26_18,3,850000,900000,4714,882230.0,886944.0,36944.0,Scheduled - Deadline Met,Yes,Yes,3600.5246109962463,60.008743516604106,9,10660.0,Gurobi Status: 9
F26,P26_19,8,900000,950000,4714,942067.0,946781.0,46781.0,Scheduled - Deadline Met,Yes,Yes,3600.5246109962463,60.008743516604106,9,10660.0,Gurobi Status: 9
F26,P26_20,3,950000,1000000,4714,991969.0,996683.0,46683.0,Scheduled - Deadline Met,Yes,Yes,3600.5246109962463,60.008743516604106,9,10660.0,Gurobi Status: 9
F26,P26_21,8,1000000,1050000,4714,1030856.0,1035570.0,35570.0,Scheduled - Deadline Met,Yes,Yes,3600.5246109962463,60.008743516604106,9,10660.0,Gurobi Status: 9
F26,P26_22,3,1050000,1100000,4714,1082356.0,1087070.0,37070.0,Scheduled - Deadline Met,Yes,Yes,3600.5246109962463,60.008743516604106,9,10660.0,Gurobi Status: 9
F26,P26_23,8,1100000,1150000,4714,1141361.0,1146075.0,46075.0,Scheduled - Deadline Met,Yes,Yes,3600.5246109962463,60.008743516604106,9,10660.0,Gurobi Status: 9
F26,P26_24,3,1150000,1200000,4714,1186780.0,1191494.0,41494.0,Scheduled - Deadline Met,Yes,Yes,3600.5246109962463,60.008743516604106,9,10660.0,Gurobi Status: 9
F26,P26_25,8,1200000,1250000,4714,1218969.0,1223683.0,23683.0,Scheduled - Deadline Met,Yes,Yes,3600.5246109962463,60.008743516604106,9,10660.0,Gurobi Status: 9
F26,P26_26,3,1250000,1300000,4714,1284253.0,1288967.0,38967.0,Scheduled - Deadline Met,Yes,Yes,3600.5246109962463,60.008743516604106,9,10660.0,Gurobi Status: 9
F26,P26_27,8,1300000,1350000,4714,1341993.0,1346707.0,46707.0,Scheduled - Deadline Met,Yes,Yes,3600.5246109962463,60.008743516604106,9,10660.0,Gurobi Status: 9
F26,P26_28,3,1350000,1400000,4714,1386779.0,1391493.0,41493.0,Scheduled - Deadline Met,Yes,Yes,3600.5246109962463,60.008743516604106,9,10660.0,Gurobi Status: 9
F26,P26_29,8,1400000,1450000,4714,1408768.0,1413482.0,13482.0,Scheduled - Deadline Met,Yes,Yes,3600.5246109962463,60.008743516604106,9,10660.0,Gurobi Status: 9
F26,P26_30,3,1450000,1500000,4714,1492853.0,1497567.0,47567.0,Scheduled - Deadline Met,Yes,Yes,3600.5246109962463,60.008743516604106,9,10660.0,Gurobi Status: 9
F26,P26_31,8,1500000,1550000,4714,1526977.0,1531691.0,31691.0,Scheduled - Deadline Met,Yes,Yes,3600.5246109962463,60.008743516604106,9,10660.0,Gurobi Status: 9
F26,P26_32,3,1550000,1600000,4714,1591969.0,1596683.0,46683.0,Scheduled - Deadline Met,Yes,Yes,3600.5246109962463,60.008743516604106,9,10660.0,Gurobi Status: 9
F26,P26_33,8,1600000,1650000,4714,1635508.0,1640222.0,40222.0,Scheduled - Deadline Met,Yes,Yes,3600.5246109962463,60.008743516604106,9,10660.0,Gurobi Status: 9
F26,P26_34,3,1650000,1700000,4714,1677554.0,1682268.0,32268.0,Scheduled - Deadline Met,Yes,Yes,3600.5246109962463,60.008743516604106,9,10660.0,Gurobi Status: 9
F26,P26_35,8,1700000,1750000,4714,1745286.0,1750000.0,50000.0,Scheduled - Deadline Met,Yes,Yes,3600.5246109962463,60.008743516604106,9,10660.0,Gurobi Status: 9
F26,P26_36,3,1750000,1800000,4714,1795190.0,1799904.0,49904.0,Scheduled - Deadline Met,Yes,Yes,3600.5246109962463,60.008743516604106,9,10660.0,Gurobi Status: 9
F26,P26_37,8,1800000,1850000,4714,1807267.0,1811981.0,11981.0,Scheduled - Deadline Met,Yes,Yes,3600.5246109962463,60.008743516604106,9,10660.0,Gurobi Status: 9
F26,P26_38,3,1850000,1900000,4714,1884879.0,1889593.0,39593.0,Scheduled - Deadline Met,Yes,Yes,3600.5246109962463,60.008743516604106,9,10660.0,Gurobi Status: 9
F26,P26_39,8,1900000,1950000,4714,1945286.0,1950000.0,50000.0,Scheduled - Deadline Met,Yes,Yes,3600.5246109962463,60.008743516604106,9,10660.0,Gurobi Status: 9
F26,P26_40,3,1950000,2000000,4714,1966742.0,1971456.0,21456.0,Scheduled - Deadline Met,Yes,Yes,3600.5246109962463,60.008743516604106,9,10660.0,Gurobi Status: 9
F26,P26_41,8,2000000,2050000,4714,,,,Optional Packets- Not Scheduled,No,N/A,3600.5246109962463,60.008743516604106,9,10660.0,Gurobi Status: 9
F26,P26_42,3,2050000,2100000,4714,2089952.0,2094666.0,44666.0,Scheduled - Deadline Met,Yes,Yes,3600.5246109962463,60.008743516604106,9,10660.0,Gurobi Status: 9
F26,P26_43,8,2100000,2150000,4714,2141969.0,2146683.0,46683.0,Scheduled - Deadline Met,Yes,Yes,3600.5246109962463,60.008743516604106,9,10660.0,Gurobi Status: 9
F26,P26_44,3,2150000,2200000,4714,2185051.0,2189765.0,39765.0,Scheduled - Deadline Met,Yes,Yes,3600.5246109962463,60.008743516604106,9,10660.0,Gurobi Status: 9
F26,P26_45,8,2200000,2250000,4714,2243912.0,2248626.0,48626.0,Scheduled - Deadline Met,Yes,Yes,3600.5246109962463,60.008743516604106,9,10660.0,Gurobi Status: 9
F26,P26_46,3,2250000,2300000,4714,2290193.0,2294907.0,44907.0,Scheduled - Deadline Met,Yes,Yes,3600.5246109962463,60.008743516604106,9,10660.0,Gurobi Status: 9
F26,P26_47,8,2300000,2350000,4714,2333835.0,2338549.0,38549.0,Scheduled - Deadline Met,Yes,Yes,3600.5246109962463,60.008743516604106,9,10660.0,Gurobi Status: 9
F26,P26_48,3,2350000,2400000,4714,2378374.0,2383088.0,33088.0,Scheduled - Deadline Met,Yes,Yes,3600.5246109962463,60.008743516604106,9,10660.0,Gurobi Status: 9
F27,P27_1,8,0,400000,9219,,,,Optional Packets- Not Scheduled,No,N/A,3600.5246109962463,60.008743516604106,9,10660.0,Gurobi Status: 9
F27,P27_2,3,400000,800000,9219,464014.0,473233.0,73233.0,Scheduled - Deadline Met,Yes,Yes,3600.5246109962463,60.008743516604106,9,10660.0,Gurobi Status: 9
F27,P27_3,8,800000,1200000,9219,904000.0,913219.0,113219.0,Scheduled - Deadline Met,Yes,Yes,3600.5246109962463,60.008743516604106,9,10660.0,Gurobi Status: 9
F27,P27_4,3,1200000,1600000,9219,1272571.0,1281790.0,81790.0,Scheduled - Deadline Met,Yes,Yes,3600.5246109962463,60.008743516604106,9,10660.0,Gurobi Status: 9
F27,P27_5,8,1600000,2000000,9219,,,,Optional Packets- Not Scheduled,No,N/A,3600.5246109962463,60.008743516604106,9,10660.0,Gurobi Status: 9
F27,P27_6,3,2000000,2400000,9219,2054888.0,2064107.0,64107.0,Scheduled - Deadline Met,Yes,Yes,3600.5246109962463,60.008743516604106,9,10660.0,Gurobi Status: 9
F28,P28_1,8,0,400000,9929,,,,Optional Packets- Not Scheduled,No,N/A,3600.5246109962463,60.008743516604106,9,10660.0,Gurobi Status: 9
F28,P28_2,1,400000,800000,9929,453989.0,463918.0,63918.0,Scheduled - Deadline Met,Yes,Yes,3600.5246109962463,60.008743516604106,9,10660.0,Gurobi Status: 9
F28,P28_3,8,800000,1200000,9929,,,,Optional Packets- Not Scheduled,No,N/A,3600.5246109962463,60.008743516604106,9,10660.0,Gurobi Status: 9
F28,P28_4,1,1200000,1600000,9929,1202853.0,1212782.0,12782.0,Scheduled - Deadline Met,Yes,Yes,3600.5246109962463,60.008743516604106,9,10660.0,Gurobi Status: 9
F28,P28_5,8,1600000,2000000,9929,,,,Optional Packets- Not Scheduled,No,N/A,3600.5246109962463,60.008743516604106,9,10660.0,Gurobi Status: 9
F28,P28_6,1,2000000,2400000,9929,2037540.0,2047469.0,47469.0,Scheduled - Deadline Met,Yes,Yes,3600.5246109962463,60.008743516604106,9,10660.0,Gurobi Status: 9
F29,P29_1,8,0,400000,2348,132643.0,134991.0,134991.0,Scheduled - Deadline Met,Yes,Yes,3600.5246109962463,60.008743516604106,9,10660.0,Gurobi Status: 9
F29,P29_2,2,400000,800000,2348,477915.0,480263.0,80263.0,Scheduled - Deadline Met,Yes,Yes,3600.5246109962463,60.008743516604106,9,10660.0,Gurobi Status: 9
F29,P29_3,8,800000,1200000,2348,927303.0,929651.0,129651.0,Scheduled - Deadline Met,Yes,Yes,3600.5246109962463,60.008743516604106,9,10660.0,Gurobi Status: 9
F29,P29_4,2,1200000,1600000,2348,1258753.0,1261101.0,61101.0,Scheduled - Deadline Met,Yes,Yes,3600.5246109962463,60.008743516604106,9,10660.0,Gurobi Status: 9
F29,P29_5,8,1600000,2000000,2348,1729710.0,1732058.0,132058.0,Scheduled - Deadline Met,Yes,Yes,3600.5246109962463,60.008743516604106,9,10660.0,Gurobi Status: 9
F29,P29_6,2,2000000,2400000,2348,2084287.0,2086635.0,86635.0,Scheduled - Deadline Met,Yes,Yes,3600.5246109962463,60.008743516604106,9,10660.0,Gurobi Status: 9
F3,P3_1,8,0,400000,4200,121330.0,125530.0,125530.0,Scheduled - Deadline Met,Yes,Yes,3600.5246109962463,60.008743516604106,9,10660.0,Gurobi Status: 9
F3,P3_2,4,400000,800000,4200,532676.0,536876.0,136876.0,Scheduled - Deadline Met,Yes,Yes,3600.5246109962463,60.008743516604106,9,10660.0,Gurobi Status: 9
F3,P3_3,4,800000,1200000,4200,828524.0,832724.0,32724.0,Scheduled - Deadline Met,Yes,Yes,3600.5246109962463,60.008743516604106,9,10660.0,Gurobi Status: 9
F3,P3_4,8,1200000,1600000,4200,,,,Optional Packets- Not Scheduled,No,N/A,3600.5246109962463,60.008743516604106,9,10660.0,Gurobi Status: 9
F3,P3_5,4,1600000,2000000,4200,1771957.0,1776157.0,176157.0,Scheduled - Deadline Met,Yes,Yes,3600.5246109962463,60.008743516604106,9,10660.0,Gurobi Status: 9
F3,P3_6,4,2000000,2400000,4200,2317365.0,2321565.0,321565.0,Scheduled - Deadline Met,Yes,Yes,3600.5246109962463,60.008743516604106,9,10660.0,Gurobi Status: 9
F30,P30_1,8,0,200000,10367,,,,Optional Packets- Not Scheduled,No,N/A,3600.5246109962463,60.008743516604106,9,10660.0,Gurobi Status: 9
F30,P30_2,5,200000,400000,10367,251393.0,261760.0,61760.0,Scheduled - Deadline Met,Yes,Yes,3600.5246109962463,60.008743516604106,9,10660.0,Gurobi Status: 9
F30,P30_3,8,400000,600000,10367,,,,Optional Packets- Not Scheduled,No,N/A,3600.5246109962463,60.008743516604106,9,10660.0,Gurobi Status: 9
F30,P30_4,5,600000,800000,10367,700000.0,710367.0,110367.0,Scheduled - Deadline Met,Yes,Yes,3600.5246109962463,60.008743516604106,9,10660.0,Gurobi Status: 9
F30,P30_5,8,800000,1000000,10367,,,,Optional Packets- Not Scheduled,No,N/A,3600.5246109962463,60.008743516604106,9,10660.0,Gurobi Status: 9
F30,P30_6,5,1000000,1200000,10367,1112301.0,1122668.0,122668.0,Scheduled - Deadline Met,Yes,Yes,3600.5246109962463,60.008743516604106,9,10660.0,Gurobi Status: 9
F30,P30_7,8,1200000,1400000,10367,,,,Optional Packets- Not Scheduled,No,N/A,3600.5246109962463,60.008743516604106,9,10660.0,Gurobi Status: 9
F30,P30_8,5,1400000,1600000,10367,1547427.0,1557794.0,157794.0,Scheduled - Deadline Met,Yes,Yes,3600.5246109962463,60.008743516604106,9,10660.0,Gurobi Status: 9
F30,P30_9,8,1600000,1800000,10367,,,,Optional Packets- Not Scheduled,No,N/A,3600.5246109962463,60.008743516604106,9,10660.0,Gurobi Status: 9
F30,P30_10,5,1800000,2000000,10367,1893035.0,1903402.0,103402.0,Scheduled - Deadline Met,Yes,Yes,3600.5246109962463,60.008743516604106,9,10660.0,Gurobi Status: 9
F30,P30_11,8,2000000,2200000,10367,,,,Optional Packets- Not Scheduled,No,N/A,3600.5246109962463,60.008743516604106,9,10660.0,Gurobi Status: 9
F30,P30_12,5,2200000,2400000,10367,2279826.0,2290193.0,90193.0,Scheduled - Deadline Met,Yes,Yes,3600.5246109962463,60.008743516604106,9,10660.0,Gurobi Status: 9
F31,P31_1,2,0,400000,8075,300696.0,308771.0,308771.0,Scheduled - Deadline Met,Yes,Yes,3600.5246109962463,60.008743516604106,9,10660.0,Gurobi Status: 9
F31,P31_2,8,400000,800000,8075,,,,Optional Packets- Not Scheduled,No,N/A,3600.5246109962463,60.008743516604106,9,10660.0,Gurobi Status: 9
F31,P31_3,2,800000,1200000,8075,855682.0,863757.0,63757.0,Scheduled - Deadline Met,Yes,Yes,3600.5246109962463,60.008743516604106,9,10660.0,Gurobi Status: 9
F31,P31_4,8,1200000,1600000,8075,,,,Optional Packets- Not Scheduled,No,N/A,3600.5246109962463,60.008743516604106,9,10660.0,Gurobi Status: 9
F31,P31_5,2,1600000,2000000,8075,1832040.0,1840115.0,240115.0,Scheduled - Deadline Met,Yes,Yes,3600.5246109962463,60.008743516604106,9,10660.0,Gurobi Status: 9
F31,P31_6,8,2000000,2400000,8075,,,,Optional Packets- Not Scheduled,No,N/A,3600.5246109962463,60.008743516604106,9,10660.0,Gurobi Status: 9
F32,P32_1,8,0,100000,5225,31342.0,36567.0,36567.0,Scheduled - Deadline Met,Yes,Yes,3600.5246109962463,60.008743516604106,9,10660.0,Gurobi Status: 9
F32,P32_2,3,100000,200000,5225,110366.0,115591.0,15591.0,Scheduled - Deadline Met,Yes,Yes,3600.5246109962463,60.008743516604106,9,10660.0,Gurobi Status: 9
F32,P32_3,8,200000,300000,5225,219373.0,224598.0,24598.0,Scheduled - Deadline Met,Yes,Yes,3600.5246109962463,60.008743516604106,9,10660.0,Gurobi Status: 9
F32,P32_4,3,300000,400000,5225,356557.0,361782.0,61782.0,Scheduled - Deadline Met,Yes,Yes,3600.5246109962463,60.008743516604106,9,10660.0,Gurobi Status: 9
F32,P32_5,8,400000,500000,5225,,,,Optional Packets- Not Scheduled,No,N/A,3600.5246109962463,60.008743516604106,9,10660.0,Gurobi Status: 9
F32,P32_6,3,500000,600000,5225,565531.0,570756.0,70756.0,Scheduled - Deadline Met,Yes,Yes,3600.5246109962463,60.008743516604106,9,10660.0,Gurobi Status: 9
F32,P32_7,8,600000,700000,5225,622177.0,627402.0,27402.0,Scheduled - Deadline Met,Yes,Yes,3600.5246109962463,60.008743516604106,9,10660.0,Gurobi Status: 9
F32,P32_8,3,700000,800000,5225,718814.0,724039.0,24039.0,Scheduled - Deadline Met,Yes,Yes,3600.5246109962463,60.008743516604106,9,10660.0,Gurobi Status: 9
F32,P32_9,8,800000,900000,5225,,,,Optional Packets- Not Scheduled,No,N/A,3600.5246109962463,60.008743516604106,9,10660.0,Gurobi Status: 9
F32,P32_10,3,900000,1000000,5225,978621.0,983846.0,83846.0,Scheduled - Deadline Met,Yes,Yes,3600.5246109962463,60.008743516604106,9,10660.0,Gurobi Status: 9
F32,P32_11,8,1000000,1100000,5225,1035666.0,1040891.0,40891.0,Scheduled - Deadline Met,Yes,Yes,3600.5246109962463,60.008743516604106,9,10660.0,Gurobi Status: 9
F32,P32_12,3,1100000,1200000,5225,1130947.0,1136172.0,36172.0,Scheduled - Deadline Met,Yes,Yes,3600.5246109962463,60.008743516604106,9,10660.0,Gurobi Status: 9
F32,P32_13,8,1200000,1300000,5225,1227096.0,1232321.0,32321.0,Scheduled - Deadline Met,Yes,Yes,3600.5246109962463,60.008743516604106,9,10660.0,Gurobi Status: 9
F32,P32_14,3,1300000,1400000,5225,1381458.0,1386683.0,86683.0,Scheduled - Deadline Met,Yes,Yes,3600.5246109962463,60.008743516604106,9,10660.0,Gurobi Status: 9
F32,P32_15,8,1400000,1500000,5225,1413578.0,1418803.0,18803.0,Scheduled - Deadline Met,Yes,Yes,3600.5246109962463,60.008743516604106,9,10660.0,Gurobi Status: 9
F32,P32_16,3,1500000,1600000,5225,1557890.0,1563115.0,63115.0,Scheduled - Deadline Met,Yes,Yes,3600.5246109962463,60.008743516604106,9,10660.0,Gurobi Status: 9
F32,P32_17,8,1600000,1700000,5225,,,,Optional Packets- Not Scheduled,No,N/A,3600.5246109962463,60.008743516604106,9,10660.0,Gurobi Status: 9
F32,P32_18,3,1700000,1800000,5225,1786552.0,1791777.0,91777.0,Scheduled - Deadline Met,Yes,Yes,3600.5246109962463,60.008743516604106,9,10660.0,Gurobi Status: 9
F32,P32_19,8,1800000,1900000,5225,1815394.0,1820619.0,20619.0,Scheduled - Deadline Met,Yes,Yes,3600.5246109962463,60.008743516604106,9,10660.0,Gurobi Status: 9
F32,P32_20,3,1900000,2000000,5225,1961421.0,1966646.0,66646.0,Scheduled - Deadline Met,Yes,Yes,3600.5246109962463,60.008743516604106,9,10660.0,Gurobi Status: 9
F32,P32_21,8,2000000,2100000,5225,,,,Optional Packets- Not Scheduled,No,N/A,3600.5246109962463,60.008743516604106,9,10660.0,Gurobi Status: 9
F32,P32_22,3,2100000,2200000,5225,2178552.0,2183777.0,83777.0,Scheduled - Deadline Met,Yes,Yes,3600.5246109962463,60.008743516604106,9,10660.0,Gurobi Status: 9
F32,P32_23,8,2200000,2300000,5225,2248722.0,2253947.0,53947.0,Scheduled - Deadline Met,Yes,Yes,3600.5246109962463,60.008743516604106,9,10660.0,Gurobi Status: 9
F32,P32_24,3,2300000,2400000,5225,2367960.0,2373185.0,73185.0,Scheduled - Deadline Met,Yes,Yes,3600.5246109962463,60.008743516604106,9,10660.0,Gurobi Status: 9
F33,P33_1,8,0,400000,2723,129824.0,132547.0,132547.0,Scheduled - Deadline Met,Yes,Yes,3600.5246109962463,60.008743516604106,9,10660.0,Gurobi Status: 9
F33,P33_2,5,400000,800000,2723,475096.0,477819.0,77819.0,Scheduled - Deadline Met,Yes,Yes,3600.5246109962463,60.008743516604106,9,10660.0,Gurobi Status: 9
F33,P33_3,8,800000,1200000,2723,924484.0,927207.0,127207.0,Scheduled - Deadline Met,Yes,Yes,3600.5246109962463,60.008743516604106,9,10660.0,Gurobi Status: 9
F33,P33_4,5,1200000,1600000,2723,1376660.0,1379383.0,179383.0,Scheduled - Deadline Met,Yes,Yes,3600.5246109962463,60.008743516604106,9,10660.0,Gurobi Status: 9
F33,P33_5,8,1600000,2000000,2723,1726891.0,1729614.0,129614.0,Scheduled - Deadline Met,Yes,Yes,3600.5246109962463,60.008743516604106,9,10660.0,Gurobi Status: 9
F33,P33_6,5,2000000,2400000,2723,2022050.0,2024773.0,24773.0,Scheduled - Deadline Met,Yes,Yes,3600.5246109962463,60.008743516604106,9,10660.0,Gurobi Status: 9
F34,P34_1,3,0,100000,902,17124.0,18026.0,18026.0,Scheduled - Deadline Met,Yes,Yes,3600.5246109962463,60.008743516604106,9,10660.0,Gurobi Status: 9
F34,P34_2,8,100000,200000,902,151773.0,152675.0,52675.0,Scheduled - Deadline Met,Yes,Yes,3600.5246109962463,60.008743516604106,9,10660.0,Gurobi Status: 9
F34,P34_3,3,200000,300000,902,208472.0,209374.0,9374.0,Scheduled - Deadline Met,Yes,Yes,3600.5246109962463,60.008743516604106,9,10660.0,Gurobi Status: 9
F34,P34_4,8,300000,400000,902,387677.0,388579.0,88579.0,Scheduled - Deadline Met,Yes,Yes,3600.5246109962463,60.008743516604106,9,10660.0,Gurobi Status: 9
F34,P34_5,3,400000,500000,902,404574.0,405476.0,5476.0,Scheduled - Deadline Met,Yes,Yes,3600.5246109962463,60.008743516604106,9,10660.0,Gurobi Status: 9
F34,P34_6,8,500000,600000,902,570852.0,571754.0,71754.0,Scheduled - Deadline Met,Yes,Yes,3600.5246109962463,60.008743516604106,9,10660.0,Gurobi Status: 9
F34,P34_7,3,600000,700000,902,601677.0,602579.0,2579.0,Scheduled - Deadline Met,Yes,Yes,3600.5246109962463,60.008743516604106,9,10660.0,Gurobi Status: 9
F34,P34_8,8,700000,800000,902,784360.0,785262.0,85262.0,Scheduled - Deadline Met,Yes,Yes,3600.5246109962463,60.008743516604106,9,10660.0,Gurobi Status: 9
F34,P34_9,3,800000,900000,902,803317.0,804219.0,4219.0,Scheduled - Deadline Met,Yes,Yes,3600.5246109962463,60.008743516604106,9,10660.0,Gurobi Status: 9
F34,P34_10,8,900000,1000000,902,946877.0,947779.0,47779.0,Scheduled - Deadline Met,Yes,Yes,3600.5246109962463,60.008743516604106,9,10660.0,Gurobi Status: 9
F34,P34_11,3,1000000,1100000,902,1005750.0,1006652.0,6652.0,Scheduled - Deadline Met,Yes,Yes,3600.5246109962463,60.008743516604106,9,10660.0,Gurobi Status: 9
F34,P34_12,8,1100000,1200000,902,1166753.0,1167655.0,67655.0,Scheduled - Deadline Met,Yes,Yes,3600.5246109962463,60.008743516604106,9,10660.0,Gurobi Status: 9
F34,P34_13,3,1200000,1300000,902,1212878.0,1213780.0,13780.0,Scheduled - Deadline Met,Yes,Yes,3600.5246109962463,60.008743516604106,9,10660.0,Gurobi Status: 9
F34,P34_14,8,1300000,1400000,902,1348480.0,1349382.0,49382.0,Scheduled - Deadline Met,Yes,Yes,3600.5246109962463,60.008743516604106,9,10660.0,Gurobi Status: 9
F34,P34_15,3,1400000,1500000,902,1444999.0,1445901.0,45901.0,Scheduled - Deadline Met,Yes,Yes,3600.5246109962463,60.008743516604106,9,10660.0,Gurobi Status: 9
F34,P34_16,8,1500000,1600000,902,1535104.0,1536006.0,36006.0,Scheduled - Deadline Met,Yes,Yes,3600.5246109962463,60.008743516604106,9,10660.0,Gurobi Status: 9
F34,P34_17,3,1600000,1700000,902,1601257.0,1602159.0,2159.0,Scheduled - Deadline Met,Yes,Yes,3600.5246109962463,60.008743516604106,9,10660.0,Gurobi Status: 9
F34,P34_18,8,1700000,1800000,902,1752529.0,1753431.0,53431.0,Scheduled - Deadline Met,Yes,Yes,3600.5246109962463,60.008743516604106,9,10660.0,Gurobi Status: 9
F34,P34_19,3,1800000,1900000,902,1800000.0,1800902.0,902.0,Scheduled - Deadline Met,Yes,Yes,3600.5246109962463,60.008743516604106,9,10660.0,Gurobi Status: 9
F34,P34_20,8,1900000,2000000,902,1973229.0,1974131.0,74131.0,Scheduled - Deadline Met,Yes,Yes,3600.5246109962463,60.008743516604106,9,10660.0,Gurobi Status: 9
F34,P34_21,3,2000000,2100000,902,2004994.0,2005896.0,5896.0,Scheduled - Deadline Met,Yes,Yes,3600.5246109962463,60.008743516604106,9,10660.0,Gurobi Status: 9
F34,P34_22,8,2100000,2200000,902,2150096.0,2150998.0,50998.0,Scheduled - Deadline Met,Yes,Yes,3600.5246109962463,60.008743516604106,9,10660.0,Gurobi Status: 9
F34,P34_23,3,2200000,2300000,902,2200000.0,2200902.0,902.0,Scheduled - Deadline Met,Yes,Yes,3600.5246109962463,60.008743516604106,9,10660.0,Gurobi Status: 9
F34,P34_24,8,2300000,2400000,902,2387677.0,2388579.0,88579.0,Scheduled - Deadline Met,Yes,Yes,3600.5246109962463,60.008743516604106,9,10660.0,Gurobi Status: 9
F35,P35_1,8,0,400000,600,139497.0,140097.0,140097.0,Scheduled - Deadline Met,Yes,Yes,3600.5246109962463,60.008743516604106,9,10660.0,Gurobi Status: 9
F35,P35_2,6,400000,800000,600,681240.0,681840.0,281840.0,Scheduled - Deadline Met,Yes,Yes,3600.5246109962463,60.008743516604106,9,10660.0,Gurobi Status: 9
F35,P35_3,8,800000,1200000,600,936278.0,936878.0,136878.0,Scheduled - Deadline Met,Yes,Yes,3600.5246109962463,60.008743516604106,9,10660.0,Gurobi Status: 9
F35,P35_4,6,1200000,1600000,600,1299460.0,1300060.0,100060.0,Scheduled - Deadline Met,Yes,Yes,3600.5246109962463,60.008743516604106,9,10660.0,Gurobi Status: 9
F35,P35_5,8,1600000,2000000,600,1736180.0,1736780.0,136780.0,Scheduled - Deadline Met,Yes,Yes,3600.5246109962463,60.008743516604106,9,10660.0,Gurobi Status: 9
F35,P35_6,6,2000000,2400000,600,2175519.0,2176119.0,176119.0,Scheduled - Deadline Met,Yes,Yes,3600.5246109962463,60.008743516604106,9,10660.0,Gurobi Status: 9
F36,P36_1,5,0,400000,11421,167413.0,178834.0,178834.0,Scheduled - Deadline Met,Yes,Yes,3600.5246109962463,60.008743516604106,9,10660.0,Gurobi Status: 9
F36,P36_2,8,400000,800000,11421,,,,Optional Packets- Not Scheduled,No,N/A,3600.5246109962463,60.008743516604106,9,10660.0,Gurobi Status: 9
F36,P36_3,5,800000,1200000,11421,966024.0,977445.0,177445.0,Scheduled - Deadline Met,Yes,Yes,3600.5246109962463,60.008743516604106,9,10660.0,Gurobi Status: 9
F36,P36_4,8,1200000,1600000,11421,,,,Optional Packets- Not Scheduled,No,N/A,3600.5246109962463,60.008743516604106,9,10660.0,Gurobi Status: 9
F36,P36_5,5,1600000,2000000,11421,1666133.0,1677554.0,77554.0,Scheduled - Deadline Met,Yes,Yes,3600.5246109962463,60.008743516604106,9,10660.0,Gurobi Status: 9
F36,P36_6,8,2000000,2400000,11421,,,,Optional Packets- Not Scheduled,No,N/A,3600.5246109962463,60.008743516604106,9,10660.0,Gurobi Status: 9
F37,P37_1,2,0,400000,5189,308867.0,314056.0,314056.0,Scheduled - Deadline Met,Yes,Yes,3600.5246109962463,60.008743516604106,9,10660.0,Gurobi Status: 9
F37,P37_2,8,400000,800000,5189,503225.0,508414.0,108414.0,Scheduled - Deadline Met,Yes,Yes,3600.5246109962463,60.008743516604106,9,10660.0,Gurobi Status: 9
F37,P37_3,2,800000,1200000,5189,869219.0,874408.0,74408.0,Scheduled - Deadline Met,Yes,Yes,3600.5246109962463,60.008743516604106,9,10660.0,Gurobi Status: 9
F37,P37_4,8,1200000,1600000,5189,,,,Optional Packets- Not Scheduled,No,N/A,3600.5246109962463,60.008743516604106,9,10660.0,Gurobi Status: 9
F37,P37_5,2,1600000,2000000,5189,1848074.0,1853263.0,253263.0,Scheduled - Deadline Met,Yes,Yes,3600.5246109962463,60.008743516604106,9,10660.0,Gurobi Status: 9
F37,P37_6,8,2000000,2400000,5189,2117553.0,2122742.0,122742.0,Scheduled - Deadline Met,Yes,Yes,3600.5246109962463,60.008743516604106,9,10660.0,Gurobi Status: 9
F38,P38_1,6,0,400000,5110,196504.0,201614.0,201614.0,Scheduled - Deadline Met,Yes,Yes,3600.5246109962463,60.008743516604106,9,10660.0,Gurobi Status: 9
F38,P38_2,8,400000,800000,5110,508510.0,513620.0,113620.0,Scheduled - Deadline Met,Yes,Yes,3600.5246109962463,60.008743516604106,9,10660.0,Gurobi Status: 9
F38,P38_3,6,800000,1200000,5110,1060763.0,1065873.0,265873.0,Scheduled - Deadline Met,Yes,Yes,3600.5246109962463,60.008743516604106,9,10660.0,Gurobi Status: 9
F38,P38_4,8,1200000,1600000,5110,1324983.0,1330093.0,130093.0,Scheduled - Deadline Met,Yes,Yes,3600.5246109962463,60.008743516604106,9,10660.0,Gurobi Status: 9
F38,P38_5,6,1600000,2000000,5110,1709710.0,1714820.0,114820.0,Scheduled - Deadline Met,Yes,Yes,3600.5246109962463,60.008743516604106,9,10660.0,Gurobi Status: 9
F38,P38_6,8,2000000,2400000,5110,2122838.0,2127948.0,127948.0,Scheduled - Deadline Met,Yes,Yes,3600.5246109962463,60.008743516604106,9,10660.0,Gurobi Status: 9
F39,P39_1,3,0,400000,4694,53806.0,58500.0,58500.0,Scheduled - Deadline Met,Yes,Yes,3600.5246109962463,60.008743516604106,9,10660.0,Gurobi Status: 9
F39,P39_2,8,400000,800000,4694,513716.0,518410.0,118410.0,Scheduled - Deadline Met,Yes,Yes,3600.5246109962463,60.008743516604106,9,10660.0,Gurobi Status: 9
F39,P39_3,3,800000,1200000,4694,840574.0,845268.0,45268.0,Scheduled - Deadline Met,Yes,Yes,3600.5246109962463,60.008743516604106,9,10660.0,Gurobi Status: 9
F39,P39_4,8,1200000,1600000,4694,1330189.0,1334883.0,134883.0,Scheduled - Deadline Met,Yes,Yes,3600.5246109962463,60.008743516604106,9,10660.0,Gurobi Status: 9
F39,P39_5,3,1600000,2000000,4694,1623858.0,1628552.0,28552.0,Scheduled - Deadline Met,Yes,Yes,3600.5246109962463,60.008743516604106,9,10660.0,Gurobi Status: 9
F39,P39_6,8,2000000,2400000,4694,2128044.0,2132738.0,132738.0,Scheduled - Deadline Met,Yes,Yes,3600.5246109962463,60.008743516604106,9,10660.0,Gurobi Status: 9
F4,P4_1,8,0,200000,6728,,,,Optional Packets- Not Scheduled,No,N/A,3600.5246109962463,60.008743516604106,9,10660.0,Gurobi Status: 9
F4,P4_2,5,200000,400000,6728,314152.0,320880.0,120880.0,Scheduled - Deadline Met,Yes,Yes,3600.5246109962463,60.008743516604106,9,10660.0,Gurobi Status: 9
F4,P4_3,5,400000,600000,6728,425763.0,432491.0,32491.0,Scheduled - Deadline Met,Yes,Yes,3600.5246109962463,60.008743516604106,9,10660.0,Gurobi Status: 9
F4,P4_4,8,600000,800000,6728,733369.0,740097.0,140097.0,Scheduled - Deadline Met,Yes,Yes,3600.5246109962463,60.008743516604106,9,10660.0,Gurobi Status: 9
F4,P4_5,5,800000,1000000,6728,959200.0,965928.0,165928.0,Scheduled - Deadline Met,Yes,Yes,3600.5246109962463,60.008743516604106,9,10660.0,Gurobi Status: 9
F4,P4_6,5,1000000,1200000,6728,1158753.0,1165481.0,165481.0,Scheduled - Deadline Met,Yes,Yes,3600.5246109962463,60.008743516604106,9,10660.0,Gurobi Status: 9
F4,P4_7,8,1200000,1400000,6728,,,,Optional Packets- Not Scheduled,No,N/A,3600.5246109962463,60.008743516604106,9,10660.0,Gurobi Status: 9
F4,P4_8,5,1400000,1600000,6728,1572500.0,1579228.0,179228.0,Scheduled - Deadline Met,Yes,Yes,3600.5246109962463,60.008743516604106,9,10660.0,Gurobi Status: 9
F4,P4_9,5,1600000,1800000,6728,1605572.0,1612300.0,12300.0,Scheduled - Deadline Met,Yes,Yes,3600.5246109962463,60.008743516604106,9,10660.0,Gurobi Status: 9
F4,P4_10,8,1800000,2000000,6728,1933369.0,1940097.0,140097.0,Scheduled - Deadline Met,Yes,Yes,3600.5246109962463,60.008743516604106,9,10660.0,Gurobi Status: 9
F4,P4_11,5,2000000,2200000,6728,2005992.0,2012720.0,12720.0,Scheduled - Deadline Met,Yes,Yes,3600.5246109962463,60.008743516604106,9,10660.0,Gurobi Status: 9
F4,P4_12,5,2200000,2400000,6728,2300000.0,2306728.0,106728.0,Scheduled - Deadline Met,Yes,Yes,3600.5246109962463,60.008743516604106,9,10660.0,Gurobi Status: 9
F40,P40_1,8,0,200000,5012,87174.0,92186.0,92186.0,Scheduled - Deadline Met,Yes,Yes,3600.5246109962463,60.008743516604106,9,10660.0,Gurobi Status: 9
F40,P40_2,2,200000,400000,5012,377759.0,382771.0,182771.0,Scheduled - Deadline Met,Yes,Yes,3600.5246109962463,60.008743516604106,9,10660.0,Gurobi Status: 9
F40,P40_3,8,400000,600000,5012,,,,Optional Packets- Not Scheduled,No,N/A,3600.5246109962463,60.008743516604106,9,10660.0,Gurobi Status: 9
F40,P40_4,2,600000,800000,5012,681936.0,686948.0,86948.0,Scheduled - Deadline Met,Yes,Yes,3600.5246109962463,60.008743516604106,9,10660.0,Gurobi Status: 9
F40,P40_5,8,800000,1000000,5012,895450.0,900462.0,100462.0,Scheduled - Deadline Met,Yes,Yes,3600.5246109962463,60.008743516604106,9,10660.0,Gurobi Status: 9
F40,P40_6,2,1000000,1200000,5012,1077152.0,1082164.0,82164.0,Scheduled - Deadline Met,Yes,Yes,3600.5246109962463,60.008743516604106,9,10660.0,Gurobi Status: 9
F40,P40_7,8,1200000,1400000,5012,1316433.0,1321445.0,121445.0,Scheduled - Deadline Met,Yes,Yes,3600.5246109962463,60.008743516604106,9,10660.0,Gurobi Status: 9
F40,P40_8,2,1400000,1600000,5012,1455231.0,1460243.0,60243.0,Scheduled - Deadline Met,Yes,Yes,3600.5246109962463,60.008743516604106,9,10660.0,Gurobi Status: 9
F40,P40_9,8,1600000,1800000,5012,1641995.0,1647007.0,47007.0,Scheduled - Deadline Met,Yes,Yes,3600.5246109962463,60.008743516604106,9,10660.0,Gurobi Status: 9
F40,P40_10,2,1800000,2000000,5012,1906623.0,1911635.0,111635.0,Scheduled - Deadline Met,Yes,Yes,3600.5246109962463,60.008743516604106,9,10660.0,Gurobi Status: 9
F40,P40_11,8,2000000,2200000,5012,2103477.0,2108489.0,108489.0,Scheduled - Deadline Met,Yes,Yes,3600.5246109962463,60.008743516604106,9,10660.0,Gurobi Status: 9
F40,P40_12,2,2200000,2400000,5012,2273252.0,2278264.0,78264.0,Scheduled - Deadline Met,Yes,Yes,3600.5246109962463,60.008743516604106,9,10660.0,Gurobi Status: 9
F41,P41_1,8,0,200000,6186,,,,Optional Packets- Not Scheduled,No,N/A,3600.5246109962463,60.008743516604106,9,10660.0,Gurobi Status: 9
F41,P41_2,3,200000,400000,6186,277992.0,284178.0,84178.0,Scheduled - Deadline Met,Yes,Yes,3600.5246109962463,60.008743516604106,9,10660.0,Gurobi Status: 9
F41,P41_3,8,400000,600000,6186,,,,Optional Packets- Not Scheduled,No,N/A,3600.5246109962463,60.008743516604106,9,10660.0,Gurobi Status: 9
F41,P41_4,3,600000,800000,6186,602675.0,608861.0,8861.0,Scheduled - Deadline Met,Yes,Yes,3600.5246109962463,60.008743516604106,9,10660.0,Gurobi Status: 9
F41,P41_5,8,800000,1000000,6186,,,,Optional Packets- Not Scheduled,No,N/A,3600.5246109962463,60.008743516604106,9,10660.0,Gurobi Status: 9
F41,P41_6,3,1000000,1200000,6186,1070870.0,1077056.0,77056.0,Scheduled - Deadline Met,Yes,Yes,3600.5246109962463,60.008743516604106,9,10660.0,Gurobi Status: 9
F41,P41_7,8,1200000,1400000,6186,1310151.0,1316337.0,116337.0,Scheduled - Deadline Met,Yes,Yes,3600.5246109962463,60.008743516604106,9,10660.0,Gurobi Status: 9
F41,P41_8,3,1400000,1600000,6186,1467113.0,1473299.0,73299.0,Scheduled - Deadline Met,Yes,Yes,3600.5246109962463,60.008743516604106,9,10660.0,Gurobi Status: 9
F41,P41_9,8,1600000,1800000,6186,,,,Optional Packets- Not Scheduled,No,N/A,3600.5246109962463,60.008743516604106,9,10660.0,Gurobi Status: 9
F41,P41_10,3,1800000,2000000,6186,1840211.0,1846397.0,46397.0,Scheduled - Deadline Met,Yes,Yes,3600.5246109962463,60.008743516604106,9,10660.0,Gurobi Status: 9
F41,P41_11,8,2000000,2200000,6186,2097195.0,2103381.0,103381.0,Scheduled - Deadline Met,Yes,Yes,3600.5246109962463,60.008743516604106,9,10660.0,Gurobi Status: 9
F41,P41_12,3,2200000,2400000,6186,2232537.0,2238723.0,38723.0,Scheduled - Deadline Met,Yes,Yes,3600.5246109962463,60.008743516604106,9,10660.0,Gurobi Status: 9
F42,P42_1,8,0,200000,8087,,,,Optional Packets- Not Scheduled,No,N/A,3600.5246109962463,60.008743516604106,9,10660.0,Gurobi Status: 9
F42,P42_2,4,200000,400000,8087,347198.0,355285.0,155285.0,Scheduled - Deadline Met,Yes,Yes,3600.5246109962463,60.008743516604106,9,10660.0,Gurobi Status: 9
F42,P42_3,8,400000,600000,8087,,,,Optional Packets- Not Scheduled,No,N/A,3600.5246109962463,60.008743516604106,9,10660.0,Gurobi Status: 9
F42,P42_4,4,600000,800000,8087,661286.0,669373.0,69373.0,Scheduled - Deadline Met,Yes,Yes,3600.5246109962463,60.008743516604106,9,10660.0,Gurobi Status: 9
F42,P42_5,8,800000,1000000,8087,,,,Optional Packets- Not Scheduled,No,N/A,3600.5246109962463,60.008743516604106,9,10660.0,Gurobi Status: 9
F42,P42_6,4,1000000,1200000,8087,1122764.0,1130851.0,130851.0,Scheduled - Deadline Met,Yes,Yes,3600.5246109962463,60.008743516604106,9,10660.0,Gurobi Status: 9
F42,P42_7,8,1200000,1400000,8087,,,,Optional Packets- Not Scheduled,No,N/A,3600.5246109962463,60.008743516604106,9,10660.0,Gurobi Status: 9
F42,P42_8,4,1400000,1600000,8087,1513438.0,1521525.0,121525.0,Scheduled - Deadline Met,Yes,Yes,3600.5246109962463,60.008743516604106,9,10660.0,Gurobi Status: 9
F42,P42_9,8,1600000,1800000,8087,,,,Optional Packets- Not Scheduled,No,N/A,3600.5246109962463,60.008743516604106,9,10660.0,Gurobi Status: 9
F42,P42_10,4,1800000,2000000,8087,1876792.0,1884879.0,84879.0,Scheduled - Deadline Met,Yes,Yes,3600.5246109962463,60.008743516604106,9,10660.0,Gurobi Status: 9
F42,P42_11,8,2000000,2200000,8087,,,,Optional Packets- Not Scheduled,No,N/A,3600.5246109962463,60.008743516604106,9,10660.0,Gurobi Status: 9
F42,P42_12,4,2200000,2400000,8087,2351227.0,2359314.0,159314.0,Scheduled - Deadline Met,Yes,Yes,3600.5246109962463,60.008743516604106,9,10660.0,Gurobi Status: 9
F43,P43_1,8,0,200000,6678,,,,Optional Packets- Not Scheduled,No,N/A,3600.5246109962463,60.008743516604106,9,10660.0,Gurobi Status: 9
F43,P43_2,1,200000,400000,6678,261984.0,268662.0,68662.0,Scheduled - Deadline Met,Yes,Yes,3600.5246109962463,60.008743516604106,9,10660.0,Gurobi Status: 9
F43,P43_3,8,400000,600000,6678,,,,Optional Packets- Not Scheduled,No,N/A,3600.5246109962463,60.008743516604106,9,10660.0,Gurobi Status: 9
F43,P43_4,1,600000,800000,6678,669469.0,676147.0,76147.0,Scheduled - Deadline Met,Yes,Yes,3600.5246109962463,60.008743516604106,9,10660.0,Gurobi Status: 9
F43,P43_5,8,800000,1000000,6678,,,,Optional Packets- Not Scheduled,No,N/A,3600.5246109962463,60.008743516604106,9,10660.0,Gurobi Status: 9
F43,P43_6,1,1000000,1200000,6678,1053989.0,1060667.0,60667.0,Scheduled - Deadline Met,Yes,Yes,3600.5246109962463,60.008743516604106,9,10660.0,Gurobi Status: 9
F43,P43_7,8,1200000,1400000,6678,1303377.0,1310055.0,110055.0,Scheduled - Deadline Met,Yes,Yes,3600.5246109962463,60.008743516604106,9,10660.0,Gurobi Status: 9
F43,P43_8,1,1400000,1600000,6678,1460339.0,1467017.0,67017.0,Scheduled - Deadline Met,Yes,Yes,3600.5246109962463,60.008743516604106,9,10660.0,Gurobi Status: 9
F43,P43_9,8,1600000,1800000,6678,,,,Optional Packets- Not Scheduled,No,N/A,3600.5246109962463,60.008743516604106,9,10660.0,Gurobi Status: 9
F43,P43_10,1,1800000,2000000,6678,1853359.0,1860037.0,60037.0,Scheduled - Deadline Met,Yes,Yes,3600.5246109962463,60.008743516604106,9,10660.0,Gurobi Status: 9
F43,P43_11,8,2000000,2200000,6678,,,,Optional Packets- Not Scheduled,No,N/A,3600.5246109962463,60.008743516604106,9,10660.0,Gurobi Status: 9
F43,P43_12,1,2200000,2400000,6678,2225763.0,2232441.0,32441.0,Scheduled - Deadline Met,Yes,Yes,3600.5246109962463,60.008743516604106,9,10660.0,Gurobi Status: 9
F44,P44_1,8,0,400000,873,137008.0,137881.0,137881.0,Scheduled - Deadline Met,Yes,Yes,3600.5246109962463,60.008743516604106,9,10660.0,Gurobi Status: 9
F44,P44_2,2,400000,800000,873,481157.0,482030.0,82030.0,Scheduled - Deadline Met,Yes,Yes,3600.5246109962463,60.008743516604106,9,10660.0,Gurobi Status: 9
F44,P44_3,8,800000,1200000,873,933093.0,933966.0,133966.0,Scheduled - Deadline Met,Yes,Yes,3600.5246109962463,60.008743516604106,9,10660.0,Gurobi Status: 9
F44,P44_4,2,1200000,1600000,873,1266563.0,1267436.0,67436.0,Scheduled - Deadline Met,Yes,Yes,3600.5246109962463,60.008743516604106,9,10660.0,Gurobi Status: 9
F44,P44_5,8,1600000,2000000,873,1732154.0,1733027.0,133027.0,Scheduled - Deadline Met,Yes,Yes,3600.5246109962463,60.008743516604106,9,10660.0,Gurobi Status: 9
F44,P44_6,2,2000000,2400000,873,2168252.0,2169125.0,169125.0,Scheduled - Deadline Met,Yes,Yes,3600.5246109962463,60.008743516604106,9,10660.0,Gurobi Status: 9
F45,P45_1,8,0,200000,3346,92282.0,95628.0,95628.0,Scheduled - Deadline Met,Yes,Yes,3600.5246109962463,60.008743516604106,9,10660.0,Gurobi Status: 9
F45,P45_2,4,200000,400000,3346,364028.0,367374.0,167374.0,Scheduled - Deadline Met,Yes,Yes,3600.5246109962463,60.008743516604106,9,10660.0,Gurobi Status: 9
F45,P45_3,8,400000,600000,3346,499783.0,503129.0,103129.0,Scheduled - Deadline Met,Yes,Yes,3600.5246109962463,60.008743516604106,9,10660.0,Gurobi Status: 9
F45,P45_4,4,600000,800000,3346,693433.0,696779.0,96779.0,Scheduled - Deadline Met,Yes,Yes,3600.5246109962463,60.008743516604106,9,10660.0,Gurobi Status: 9
F45,P45_5,8,800000,1000000,3346,900558.0,903904.0,103904.0,Scheduled - Deadline Met,Yes,Yes,3600.5246109962463,60.008743516604106,9,10660.0,Gurobi Status: 9
F45,P45_6,4,1000000,1200000,3346,1179076.0,1182422.0,182422.0,Scheduled - Deadline Met,Yes,Yes,3600.5246109962463,60.008743516604106,9,10660.0,Gurobi Status: 9
F45,P45_7,8,1200000,1400000,3346,1321541.0,1324887.0,124887.0,Scheduled - Deadline Met,Yes,Yes,3600.5246109962463,60.008743516604106,9,10660.0,Gurobi Status: 9
F45,P45_8,4,1400000,1600000,3346,1563965.0,1567311.0,167311.0,Scheduled - Deadline Met,Yes,Yes,3600.5246109962463,60.008743516604106,9,10660.0,Gurobi Status: 9
F45,P45_9,8,1600000,1800000,3346,1714916.0,1718262.0,118262.0,Scheduled - Deadline Met,Yes,Yes,3600.5246109962463,60.008743516604106,9,10660.0,Gurobi Status: 9
F45,P45_10,4,1800000,2000000,3346,1889593.0,1892939.0,92939.0,Scheduled - Deadline Met,Yes,Yes,3600.5246109962463,60.008743516604106,9,10660.0,Gurobi Status: 9
F45,P45_11,8,2000000,2200000,3346,2108585.0,2111931.0,111931.0,Scheduled - Deadline Met,Yes,Yes,3600.5246109962463,60.008743516604106,9,10660.0,Gurobi Status: 9
F45,P45_12,4,2200000,2400000,3346,2364518.0,2367864.0,167864.0,Scheduled - Deadline Met,Yes,Yes,3600.5246109962463,60.008743516604106,9,10660.0,Gurobi Status: 9
F46,P46_1,8,0,50000,4997,18122.0,23119.0,23119.0,Scheduled - Deadline Met,Yes,Yes,3600.5246109962463,60.008743516604106,9,10660.0,Gurobi Status: 9
F46,P46_2,1,50000,100000,4997,60963.0,65960.0,15960.0,Scheduled - Deadline Met,Yes,Yes,3600.5246109962463,60.008743516604106,9,10660.0,Gurobi Status: 9
F46,P46_3,8,100000,150000,4997,140193.0,145190.0,45190.0,Scheduled - Deadline Met,Yes,Yes,3600.5246109962463,60.008743516604106,9,10660.0,Gurobi Status: 9
F46,P46_4,1,150000,200000,4997,186697.0,191694.0,41694.0,Scheduled - Deadline Met,Yes,Yes,3600.5246109962463,60.008743516604106,9,10660.0,Gurobi Status: 9
F46,P46_5,8,200000,250000,4997,209470.0,214467.0,14467.0,Scheduled - Deadline Met,Yes,Yes,3600.5246109962463,60.008743516604106,9,10660.0,Gurobi Status: 9
F46,P46_6,1,250000,300000,4997,284178.0,289175.0,39175.0,Scheduled - Deadline Met,Yes,Yes,3600.5246109962463,60.008743516604106,9,10660.0,Gurobi Status: 9
F46,P46_7,8,300000,350000,4997,320976.0,325973.0,25973.0,Scheduled - Deadline Met,Yes,Yes,3600.5246109962463,60.008743516604106,9,10660.0,Gurobi Status: 9
F46,P46_8,1,350000,400000,4997,369349.0,374346.0,24346.0,Scheduled - Deadline Met,Yes,Yes,3600.5246109962463,60.008743516604106,9,10660.0,Gurobi Status: 9
F46,P46_9,8,400000,450000,4997,,,,Optional Packets- Not Scheduled,No,N/A,3600.5246109962463,60.008743516604106,9,10660.0,Gurobi Status: 9
F46,P46_10,1,450000,500000,4997,482030.0,487027.0,37027.0,Scheduled - Deadline Met,Yes,Yes,3600.5246109962463,60.008743516604106,9,10660.0,Gurobi Status: 9
F46,P46_11,8,500000,550000,4997,540193.0,545190.0,45190.0,Scheduled - Deadline Met,Yes,Yes,3600.5246109962463,60.008743516604106,9,10660.0,Gurobi Status: 9
F46,P46_12,1,550000,600000,4997,586876.0,591873.0,41873.0,Scheduled - Deadline Met,Yes,Yes,3600.5246109962463,60.008743516604106,9,10660.0,Gurobi Status: 9
F46,P46_13,8,600000,650000,4997,608957.0,613954.0,13954.0,Scheduled - Deadline Met,Yes,Yes,3600.5246109962463,60.008743516604106,9,10660.0,Gurobi Status: 9
F46,P46_14,1,650000,700000,4997,676243.0,681240.0,31240.0,Scheduled - Deadline Met,Yes,Yes,3600.5246109962463,60.008743516604106,9,10660.0,Gurobi Status: 9
F46,P46_15,8,700000,750000,4997,740193.0,745190.0,45190.0,Scheduled - Deadline Met,Yes,Yes,3600.5246109962463,60.008743516604106,9,10660.0,Gurobi Status: 9
F46,P46_16,1,750000,800000,4997,769136.0,774133.0,24133.0,Scheduled - Deadline Met,Yes,Yes,3600.5246109962463,60.008743516604106,9,10660.0,Gurobi Status: 9
F46,P46_17,8,800000,850000,4997,,,,Optional Packets- Not Scheduled,No,N/A,3600.5246109962463,60.008743516604106,9,10660.0,Gurobi Status: 9
F46,P46_18,1,850000,900000,4997,887040.0,892037.0,42037.0,Scheduled - Deadline Met,Yes,Yes,3600.5246109962463,60.008743516604106,9,10660.0,Gurobi Status: 9
F46,P46_19,8,900000,950000,4997,936974.0,941971.0,41971.0,Scheduled - Deadline Met,Yes,Yes,3600.5246109962463,60.008743516604106,9,10660.0,Gurobi Status: 9
F46,P46_20,1,950000,1000000,4997,985619.0,990616.0,40616.0,Scheduled - Deadline Met,Yes,Yes,3600.5246109962463,60.008743516604106,9,10660.0,Gurobi Status: 9
F46,P46_21,8,1000000,1050000,4997,1025763.0,1030760.0,30760.0,Scheduled - Deadline Met,Yes,Yes,3600.5246109962463,60.008743516604106,9,10660.0,Gurobi Status: 9
F46,P46_22,1,1050000,1100000,4997,1065873.0,1070870.0,20870.0,Scheduled - Deadline Met,Yes,Yes,3600.5246109962463,60.008743516604106,9,10660.0,Gurobi Status: 9
F46,P46_23,8,1100000,1150000,4997,1136268.0,1141265.0,41265.0,Scheduled - Deadline Met,Yes,Yes,3600.5246109962463,60.008743516604106,9,10660.0,Gurobi Status: 9
F46,P46_24,1,1150000,1200000,4997,1191590.0,1196587.0,46587.0,Scheduled - Deadline Met,Yes,Yes,3600.5246109962463,60.008743516604106,9,10660.0,Gurobi Status: 9
F46,P46_25,8,1200000,1250000,4997,1213876.0,1218873.0,18873.0,Scheduled - Deadline Met,Yes,Yes,3600.5246109962463,60.008743516604106,9,10660.0,Gurobi Status: 9
F46,P46_26,1,1250000,1300000,4997,1289063.0,1294060.0,44060.0,Scheduled - Deadline Met,Yes,Yes,3600.5246109962463,60.008743516604106,9,10660.0,Gurobi Status: 9
F46,P46_27,8,1300000,1350000,4997,1336900.0,1341897.0,41897.0,Scheduled - Deadline Met,Yes,Yes,3600.5246109962463,60.008743516604106,9,10660.0,Gurobi Status: 9
F46,P46_28,1,1350000,1400000,4997,1391589.0,1396586.0,46586.0,Scheduled - Deadline Met,Yes,Yes,3600.5246109962463,60.008743516604106,9,10660.0,Gurobi Status: 9
F46,P46_29,8,1400000,1450000,4997,1400000.0,1404997.0,4997.0,Scheduled - Deadline Met,Yes,Yes,3600.5246109962463,60.008743516604106,9,10660.0,Gurobi Status: 9
F46,P46_30,1,1450000,1500000,4997,1473299.0,1478296.0,28296.0,Scheduled - Deadline Met,Yes,Yes,3600.5246109962463,60.008743516604106,9,10660.0,Gurobi Status: 9
F46,P46_31,8,1500000,1550000,4997,1521884.0,1526881.0,26881.0,Scheduled - Deadline Met,Yes,Yes,3600.5246109962463,60.008743516604106,9,10660.0,Gurobi Status: 9
F46,P46_32,1,1550000,1600000,4997,1567407.0,1572404.0,22404.0,Scheduled - Deadline Met,Yes,Yes,3600.5246109962463,60.008743516604106,9,10660.0,Gurobi Status: 9
F46,P46_33,8,1600000,1650000,4997,1630415.0,1635412.0,35412.0,Scheduled - Deadline Met,Yes,Yes,3600.5246109962463,60.008743516604106,9,10660.0,Gurobi Status: 9
F46,P46_34,1,1650000,1700000,4997,1692145.0,1697142.0,47142.0,Scheduled - Deadline Met,Yes,Yes,3600.5246109962463,60.008743516604106,9,10660.0,Gurobi Status: 9
F46,P46_35,8,1700000,1750000,4997,1740193.0,1745190.0,45190.0,Scheduled - Deadline Met,Yes,Yes,3600.5246109962463,60.008743516604106,9,10660.0,Gurobi Status: 9
F46,P46_36,1,1750000,1800000,4997,1777834.0,1782831.0,32831.0,Scheduled - Deadline Met,Yes,Yes,3600.5246109962463,60.008743516604106,9,10660.0,Gurobi Status: 9
F46,P46_37,8,1800000,1850000,4997,1802174.0,1807171.0,7171.0,Scheduled - Deadline Met,Yes,Yes,3600.5246109962463,60.008743516604106,9,10660.0,Gurobi Status: 9
F46,P46_38,1,1850000,1900000,4997,1868478.0,1873475.0,23475.0,Scheduled - Deadline Met,Yes,Yes,3600.5246109962463,60.008743516604106,9,10660.0,Gurobi Status: 9
F46,P46_39,8,1900000,1950000,4997,1940193.0,1945190.0,45190.0,Scheduled - Deadline Met,Yes,Yes,3600.5246109962463,60.008743516604106,9,10660.0,Gurobi Status: 9
F46,P46_40,1,1950000,2000000,4997,1988869.0,1993866.0,43866.0,Scheduled - Deadline Met,Yes,Yes,3600.5246109962463,60.008743516604106,9,10660.0,Gurobi Status: 9
F46,P46_41,8,2000000,2050000,4997,,,,Optional Packets- Not Scheduled,No,N/A,3600.5246109962463,60.008743516604106,9,10660.0,Gurobi Status: 9
F46,P46_42,1,2050000,2100000,4997,2079290.0,2084287.0,34287.0,Scheduled - Deadline Met,Yes,Yes,3600.5246109962463,60.008743516604106,9,10660.0,Gurobi Status: 9
F46,P46_43,8,2100000,2150000,4997,2136876.0,2141873.0,41873.0,Scheduled - Deadline Met,Yes,Yes,3600.5246109962463,60.008743516604106,9,10660.0,Gurobi Status: 9
F46,P46_44,1,2150000,2200000,4997,2191686.0,2196683.0,46683.0,Scheduled - Deadline Met,Yes,Yes,3600.5246109962463,60.008743516604106,9,10660.0,Gurobi Status: 9
F46,P46_45,8,2200000,2250000,4997,2238819.0,2243816.0,43816.0,Scheduled - Deadline Met,Yes,Yes,3600.5246109962463,60.008743516604106,9,10660.0,Gurobi Status: 9
F46,P46_46,1,2250000,2300000,4997,2295003.0,2300000.0,50000.0,Scheduled - Deadline Met,Yes,Yes,3600.5246109962463,60.008743516604106,9,10660.0,Gurobi Status: 9
F46,P46_47,8,2300000,2350000,4997,2328742.0,2333739.0,33739.0,Scheduled - Deadline Met,Yes,Yes,3600.5246109962463,60.008743516604106,9,10660.0,Gurobi Status: 9
F46,P46_48,1,2350000,2400000,4997,2373281.0,2378278.0,28278.0,Scheduled - Deadline Met,Yes,Yes,3600.5246109962463,60.008743516604106,9,10660.0,Gurobi Status: 9
F47,P47_1,8,0,400000,626,138775.0,139401.0,139401.0,Scheduled - Deadline Met,Yes,Yes,3600.5246109962463,60.008743516604106,9,10660.0,Gurobi Status: 9
F47,P47_2,5,400000,800000,626,487027.0,487653.0,87653.0,Scheduled - Deadline Met,Yes,Yes,3600.5246109962463,60.008743516604106,9,10660.0,Gurobi Status: 9
F47,P47_3,8,800000,1200000,626,934860.0,935486.0,135486.0,Scheduled - Deadline Met,Yes,Yes,3600.5246109962463,60.008743516604106,9,10660.0,Gurobi Status: 9
F47,P47_4,5,1200000,1600000,626,1379479.0,1380105.0,180105.0,Scheduled - Deadline Met,Yes,Yes,3600.5246109962463,60.008743516604106,9,10660.0,Gurobi Status: 9
F47,P47_5,8,1600000,2000000,626,1734762.0,1735388.0,135388.0,Scheduled - Deadline Met,Yes,Yes,3600.5246109962463,60.008743516604106,9,10660.0,Gurobi Status: 9
F47,P47_6,5,2000000,2400000,626,2172762.0,2173388.0,173388.0,Scheduled - Deadline Met,Yes,Yes,3600.5246109962463,60.008743516604106,9,10660.0,Gurobi Status: 9
F48,P48_1,8,0,400000,5547,115687.0,121234.0,121234.0,Scheduled - Deadline Met,Yes,Yes,3600.5246109962463,60.008743516604106,9,10660.0,Gurobi Status: 9
F48,P48_2,4,400000,800000,5547,487749.0,493296.0,93296.0,Scheduled - Deadline Met,Yes,Yes,3600.5246109962463,60.008743516604106,9,10660.0,Gurobi Status: 9
F48,P48_3,8,800000,1200000,5547,913315.0,918862.0,118862.0,Scheduled - Deadline Met,Yes,Yes,3600.5246109962463,60.008743516604106,9,10660.0,Gurobi Status: 9
F48,P48_4,4,1200000,1600000,5547,1481186.0,1486733.0,286733.0,Scheduled - Deadline Met,Yes,Yes,3600.5246109962463,60.008743516604106,9,10660.0,Gurobi Status: 9
F48,P48_5,8,1600000,2000000,5547,1721248.0,1726795.0,126795.0,Scheduled - Deadline Met,Yes,Yes,3600.5246109962463,60.008743516604106,9,10660.0,Gurobi Status: 9
F48,P48_6,4,2000000,2400000,5547,2311722.0,2317269.0,317269.0,Scheduled - Deadline Met,Yes,Yes,3600.5246109962463,60.008743516604106,9,10660.0,Gurobi Status: 9
F5,P5_1,8,0,200000,9685,,,,Optional Packets- Not Scheduled,No,N/A,3600.5246109962463,60.008743516604106,9,10660.0,Gurobi Status: 9
F5,P5_2,1,200000,400000,9685,241612.0,251297.0,51297.0,Scheduled - Deadline Met,Yes,Yes,3600.5246109962463,60.008743516604106,9,10660.0,Gurobi Status: 9
F5,P5_3,1,400000,600000,9685,415982.0,425667.0,25667.0,Scheduled - Deadline Met,Yes,Yes,3600.5246109962463,60.008743516604106,9,10660.0,Gurobi Status: 9
F5,P5_4,8,600000,800000,9685,627498.0,637183.0,37183.0,Scheduled - Deadline Met,Yes,Yes,3600.5246109962463,60.008743516604106,9,10660.0,Gurobi Status: 9
F5,P5_5,1,800000,1000000,9685,815853.0,825538.0,25538.0,Scheduled - Deadline Met,Yes,Yes,3600.5246109962463,60.008743516604106,9,10660.0,Gurobi Status: 9
F5,P5_6,1,1000000,1200000,9685,1006748.0,1016433.0,16433.0,Scheduled - Deadline Met,Yes,Yes,3600.5246109962463,60.008743516604106,9,10660.0,Gurobi Status: 9
F5,P5_7,8,1200000,1400000,9685,,,,Optional Packets- Not Scheduled,No,N/A,3600.5246109962463,60.008743516604106,9,10660.0,Gurobi Status: 9
F5,P5_8,1,1400000,1600000,9685,1435218.0,1444903.0,44903.0,Scheduled - Deadline Met,Yes,Yes,3600.5246109962463,60.008743516604106,9,10660.0,Gurobi Status: 9
F5,P5_9,1,1600000,1800000,9685,1682364.0,1692049.0,92049.0,Scheduled - Deadline Met,Yes,Yes,3600.5246109962463,60.008743516604106,9,10660.0,Gurobi Status: 9
F5,P5_10,8,1800000,2000000,9685,1914354.0,1924039.0,124039.0,Scheduled - Deadline Met,Yes,Yes,3600.5246109962463,60.008743516604106,9,10660.0,Gurobi Status: 9
F5,P5_11,1,2000000,2200000,9685,2024869.0,2034554.0,34554.0,Scheduled - Deadline Met,Yes,Yes,3600.5246109962463,60.008743516604106,9,10660.0,Gurobi Status: 9
F5,P5_12,1,2200000,2400000,9685,2215982.0,2225667.0,25667.0,Scheduled - Deadline Met,Yes,Yes,3600.5246109962463,60.008743516604106,9,10660.0,Gurobi Status: 9
F6,P6_1,4,0,400000,745,83112.0,83857.0,83857.0,Scheduled - Deadline Met,Yes,Yes,3600.5246109962463,60.008743516604106,9,10660.0,Gurobi Status: 9
F6,P6_2,8,400000,800000,745,519118.0,519863.0,119863.0,Scheduled - Deadline Met,Yes,Yes,3600.5246109962463,60.008743516604106,9,10660.0,Gurobi Status: 9
F6,P6_3,4,800000,1200000,745,1107919.0,1108664.0,308664.0,Scheduled - Deadline Met,Yes,Yes,3600.5246109962463,60.008743516604106,9,10660.0,Gurobi Status: 9
F6,P6_4,4,1200000,1600000,745,1511421.0,1512166.0,312166.0,Scheduled - Deadline Met,Yes,Yes,3600.5246109962463,60.008743516604106,9,10660.0,Gurobi Status: 9
F6,P6_5,8,1600000,2000000,745,1733123.0,1733868.0,133868.0,Scheduled - Deadline Met,Yes,Yes,3600.5246109962463,60.008743516604106,9,10660.0,Gurobi Status: 9
F6,P6_6,4,2000000,2400000,745,2327901.0,2328646.0,328646.0,Scheduled - Deadline Met,Yes,Yes,3600.5246109962463,60.008743516604106,9,10660.0,Gurobi Status: 9
F7,P7_1,8,0,200000,9138,,,,Optional Packets- Not Scheduled,No,N/A,3600.5246109962463,60.008743516604106,9,10660.0,Gurobi Status: 9
F7,P7_2,3,200000,400000,9138,268758.0,277896.0,77896.0,Scheduled - Deadline Met,Yes,Yes,3600.5246109962463,60.008743516604106,9,10660.0,Gurobi Status: 9
F7,P7_3,3,400000,600000,9138,405572.0,414710.0,14710.0,Scheduled - Deadline Met,Yes,Yes,3600.5246109962463,60.008743516604106,9,10660.0,Gurobi Status: 9
F7,P7_4,8,600000,800000,9138,724135.0,733273.0,133273.0,Scheduled - Deadline Met,Yes,Yes,3600.5246109962463,60.008743516604106,9,10660.0,Gurobi Status: 9
F7,P7_5,3,800000,1000000,9138,805992.0,815130.0,15130.0,Scheduled - Deadline Met,Yes,Yes,3600.5246109962463,60.008743516604106,9,10660.0,Gurobi Status: 9
F7,P7_6,3,1000000,1200000,9138,1016529.0,1025667.0,25667.0,Scheduled - Deadline Met,Yes,Yes,3600.5246109962463,60.008743516604106,9,10660.0,Gurobi Status: 9
F7,P7_7,8,1200000,1400000,9138,,,,Optional Packets- Not Scheduled,No,N/A,3600.5246109962463,60.008743516604106,9,10660.0,Gurobi Status: 9
F7,P7_8,3,1400000,1600000,9138,1445997.0,1455135.0,55135.0,Scheduled - Deadline Met,Yes,Yes,3600.5246109962463,60.008743516604106,9,10660.0,Gurobi Status: 9
F7,P7_9,3,1600000,1800000,9138,1612396.0,1621534.0,21534.0,Scheduled - Deadline Met,Yes,Yes,3600.5246109962463,60.008743516604106,9,10660.0,Gurobi Status: 9
F7,P7_10,8,1800000,2000000,9138,1924135.0,1933273.0,133273.0,Scheduled - Deadline Met,Yes,Yes,3600.5246109962463,60.008743516604106,9,10660.0,Gurobi Status: 9
F7,P7_11,3,2000000,2200000,9138,2012816.0,2021954.0,21954.0,Scheduled - Deadline Met,Yes,Yes,3600.5246109962463,60.008743516604106,9,10660.0,Gurobi Status: 9
F7,P7_12,3,2200000,2400000,9138,2206748.0,2215886.0,15886.0,Scheduled - Deadline Met,Yes,Yes,3600.5246109962463,60.008743516604106,9,10660.0,Gurobi Status: 9
F8,P8_1,1,0,400000,5270,11758.0,17028.0,17028.0,Scheduled - Deadline Met,Yes,Yes,3600.5246109962463,60.008743516604106,9,10660.0,Gurobi Status: 9
F8,P8_2,8,400000,800000,5270,,,,Optional Packets- Not Scheduled,No,N/A,3600.5246109962463,60.008743516604106,9,10660.0,Gurobi Status: 9
F8,P8_3,1,800000,1200000,5270,863853.0,869123.0,69123.0,Scheduled - Deadline Met,Yes,Yes,3600.5246109962463,60.008743516604106,9,10660.0,Gurobi Status: 9
F8,P8_4,1,1200000,1600000,5270,1261197.0,1266467.0,66467.0,Scheduled - Deadline Met,Yes,Yes,3600.5246109962463,60.008743516604106,9,10660.0,Gurobi Status: 9
F8,P8_5,8,1600000,2000000,5270,,,,Optional Packets- Not Scheduled,No,N/A,3600.5246109962463,60.008743516604106,9,10660.0,Gurobi Status: 9
F8,P8_6,1,2000000,2400000,5270,2065304.0,2070574.0,70574.0,Scheduled - Deadline Met,Yes,Yes,3600.5246109962463,60.008743516604106,9,10660.0,Gurobi Status: 9
F9,P9_1,4,0,400000,9251,70770.0,80021.0,80021.0,Scheduled - Deadline Met,Yes,Yes,3600.5246109962463,60.008743516604106,9,10660.0,Gurobi Status: 9
F9,P9_2,4,400000,800000,9251,442721.0,451972.0,51972.0,Scheduled - Deadline Met,Yes,Yes,3600.5246109962463,60.008743516604106,9,10660.0,Gurobi Status: 9
F9,P9_3,8,800000,1200000,9251,,,,Optional Packets- Not Scheduled,No,N/A,3600.5246109962463,60.008743516604106,9,10660.0,Gurobi Status: 9
F9,P9_4,4,1200000,1600000,9251,1366329.0,1375580.0,175580.0,Scheduled - Deadline Met,Yes,Yes,3600.5246109962463,60.008743516604106,9,10660.0,Gurobi Status: 9
F9,P9_5,4,1600000,2000000,9251,1697142.0,1706393.0,106393.0,Scheduled - Deadline Met,Yes,Yes,3600.5246109962463,60.008743516604106,9,10660.0,Gurobi Status: 9
F9,P9_6,8,2000000,2400000,9251,,,,Optional Packets- Not Scheduled,No,N/A,3600.5246109962463,60.008743516604106,9,10660.0,Gurobi Status: 9
